QED-CCSD-2 results for water dimer (Cavity Frequency = 2.0 eV; coupling strength = 0.05 a.u.)
Distance O-H (A)                E (outside)                 E (pol x)                E (pol y)                  E (pol z)

9.617849894309380421e-01 -1.524075024416286510e+02 -1.523993100519624022e+02 -1.523992540805739395e+02 -1.523984787448963800e+02
1.017340544986493622e+00 -1.524375210428710830e+02 -1.524293107279920036e+02 -1.524292586227487334e+02 -1.524284916128841587e+02
1.072896100542049203e+00 -1.524610259397646246e+02 -1.524527975541487592e+02 -1.524527492586306039e+02 -1.524519900762257407e+02
1.128451656097604783e+00 -1.524795396317903737e+02 -1.524712937180554206e+02 -1.524712490752810083e+02 -1.524704986165489515e+02
1.184007211653160141e+00 -1.524941889667089470e+02 -1.524859259350551781e+02 -1.524858845527005826e+02 -1.524851446957040650e+02
1.239562767208715943e+00 -1.525058154203065328e+02 -1.524975357360577561e+02 -1.524974974025068377e+02 -1.524967701544378826e+02
1.295118322764271301e+00 -1.525150526491298706e+02 -1.525067568163222234e+02 -1.525067211367680216e+02 -1.525060087027038378e+02
1.350673878319826882e+00 -1.525223821038316601e+02 -1.525140706521206937e+02 -1.525140372289718869e+02 -1.525133416274485683e+02
1.406229433875382462e+00 -1.525281742980469915e+02 -1.525198476003446046e+02 -1.525198160626991637e+02 -1.525191389980800807e+02
1.461784989430938042e+00 -1.525327186049017314e+02 -1.525243775732709537e+02 -1.525243475924156655e+02 -1.525236903573201914e+02
1.517340544986493622e+00 -1.525362474652343394e+02 -1.525278925026291859e+02 -1.525278638161294111e+02 -1.525272274013654794e+02
1.572896100542048980e+00 -1.525389502844038532e+02 -1.525305819842112101e+02 -1.525305544422491550e+02 -1.525299392883800067e+02
1.628451656097604783e+00 -1.525409844815078770e+02 -1.525326034529142589e+02 -1.525325768281477679e+02 -1.525319833400314735e+02
1.684007211653160141e+00 -1.525424815925296684e+02 -1.525340884249433486e+02 -1.525340626303531621e+02 -1.525334908559350708e+02
1.739562767208715721e+00 -1.525435512244867766e+02 -1.525351465850997670e+02 -1.525351214931032757e+02 -1.525345710909453203e+02
1.795118322764271301e+00 -1.525442839336862164e+02 -1.525358684389155997e+02 -1.525358439728263988e+02 -1.525353144165443382e+02
1.850673878319826882e+00 -1.525447536159390154e+02 -1.525363279175564060e+02 -1.525363040104296886e+02 -1.525357948199193743e+02
1.906229433875382462e+00 -1.525450199748628677e+02 -1.525365847232785086e+02 -1.525365612805745172e+02 -1.525360718098107498e+02
1.961784989430938042e+00 -1.525451306348448384e+02 -1.525366864269398661e+02 -1.525366634238233985e+02 -1.525361929988290797e+02
2.017340544986493622e+00 -1.525451233417979608e+02 -1.525366707083820756e+02 -1.525366480895586676e+02 -1.525361961021719139e+02
2.072896100542049425e+00 -1.525450275519254717e+02 -1.525365670276235619e+02 -1.525365447410171669e+02 -1.525361104876775471e+02
2.128451656097604783e+00 -1.525448661377309918e+02 -1.525363982594775223e+02 -1.525363762226792232e+02 -1.525359590994947609e+02
2.184007211653160141e+00 -1.525446567092046450e+02 -1.525361819159879531e+02 -1.525361601568042715e+02 -1.525357595501558308e+02
2.239562767208715499e+00 -1.525444127894829478e+02 -1.525359315261416668e+02 -1.525359099679179735e+02 -1.525355253562711653e+02
2.295118322764271301e+00 -1.525441448498415582e+02 -1.525356575020501282e+02 -1.525356361110620185e+02 -1.525352669387929723e+02
2.350673878319827104e+00 -1.525438609928410187e+02 -1.525353679896196866e+02 -1.525353467372566740e+02 -1.525349924433457431e+02
2.406229433875382462e+00 -1.525435677810716300e+02 -1.525350694934114415e+02 -1.525350483559835766e+02 -1.525347083701085751e+02
2.461784989430937820e+00 -1.525432705410488836e+02 -1.525347673156403516e+02 -1.525347462740281230e+02 -1.525344200176792526e+02
2.517340544986493178e+00 -1.525429736763568087e+02 -1.525344658349985139e+02 -1.525344448742328893e+02 -1.525341317654682882e+02
2.572896100542048980e+00 -1.525426808259962286e+02 -1.525341686650299380e+02 -1.525341477738932952e+02 -1.525338472339903149e+02
2.628451656097604783e+00 -1.525423949461185771e+02 -1.525338787361004336e+02 -1.525338579068277909e+02 -1.525335693672950299e+02
2.684007211653160141e+00 -1.525421183545978749e+02 -1.525335983403370221e+02 -1.525335775684596626e+02 -1.525333004773056871e+02
2.739562767208715499e+00 -1.525418527676670806e+02 -1.525333291687063024e+02 -1.525333084530318786e+02 -1.525330422796487255e+02
2.795118322764271301e+00 -1.525415993459082244e+02 -1.525330723575031016e+02 -1.525330517001744113e+02 -1.525327959318760520e+02
2.850673878319827104e+00 -1.525413587562317730e+02 -1.525328285508526562e+02 -1.525328079574074991e+02 -1.525325621204820550e+02
2.906229433875382462e+00 -1.525411312484823725e+02 -1.525325979778482406e+02 -1.525325774571807358e+02 -1.525323410977729282e+02
2.961784989430937820e+00 -1.525409167406603501e+02 -1.525323805382682281e+02 -1.525323601024055051e+02 -1.525321327913583787e+02
3.017340544986493178e+00 -1.525407149049684961e+02 -1.525321758890229376e+02 -1.525321555526688542e+02 -1.525319368832042812e+02
3.072896100542049425e+00 -1.525405252473982216e+02 -1.525319835240006512e+02 -1.525319633038288032e+02 -1.525317528886525338e+02
3.128451656097604783e+00 -1.525403471754761142e+02 -1.525318028418901690e+02 -1.525317827556161205e+02 -1.525315802238344816e+02
3.184007211653160141e+00 -1.525401800512715056e+02 -1.525316331990522087e+02 -1.525316132643641822e+02 -1.525314182585745471e+02
3.239562767208715499e+00 -1.525400232291986526e+02 -1.525314739469945096e+02 -1.525314541339341190e+02 -1.525312663495394361e+02
3.295118322764270857e+00 -1.525398760571325738e+02 -1.525313244559199575e+02 -1.525313048253681529e+02 -1.525311238830720129e+02
3.350673878319827104e+00 -1.525397379811455778e+02 -1.525311840830772212e+02 -1.525311646901706695e+02 -1.525309902609475898e+02
3.406229433875382462e+00 -1.525396084125383993e+02 -1.525310523530474711e+02 -1.525310331610103560e+02 -1.525308649235341250e+02
3.461784989430937820e+00 -1.525394868197585652e+02 -1.525309286928041388e+02 -1.525309097046954321e+02 -1.525307473454785168e+02
3.517340544986493178e+00 -1.525393727026941235e+02 -1.525308126047765995e+02 -1.525307938192464405e+02 -1.525306370331765322e+02
3.572896100542049425e+00 -1.525392655892073890e+02 -1.525307036188582117e+02 -1.525306850302734460e+02 -1.525305335213772082e+02
3.628451656097604783e+00 -1.525391650319644725e+02 -1.525306012889411136e+02 -1.525305828877338570e+02 -1.525304363699995065e+02
3.684007211653160141e+00 -1.525390706060517516e+02 -1.525305051903640958e+02 -1.525304869635562568e+02 -1.525303451616875350e+02
3.739562767208715499e+00 -1.525389819075022046e+02 -1.525304149183817799e+02 -1.525303968502230134e+02 -1.525302595002400494e+02
3.795118322764270857e+00 -1.525388985525743522e+02 -1.525303300874749084e+02 -1.525303121601406247e+02 -1.525301790097822732e+02
3.850673878319827104e+00 -1.525388201775610355e+02 -1.525302503312570650e+02 -1.525302325255529183e+02 -1.525301033344733810e+02
3.906229433875382462e+00 -1.525387464388703052e+02 -1.525301753026838014e+02 -1.525301575987255660e+02 -1.525300321385040547e+02
3.961784989430937820e+00 -1.525386770131738103e+02 -1.525301046743562949e+02 -1.525300870521871275e+02 -1.525299651061860970e+02
4.017340544986493178e+00 -1.525386115974821735e+02 -1.525300381387477842e+02 -1.525300204749388229e+02 -1.525299019419944955e+02
4.072896100542048536e+00 -1.525385499090603787e+02 -1.525299754082628283e+02 -1.525299577880025197e+02 -1.525298423675086212e+02
4.128451656097604783e+00 -1.525384916851494950e+02 -1.525299162150886616e+02 -1.525298986211043655e+02 -1.525297861327617852e+02
4.184007211653160141e+00 -1.525384366824991105e+02 -1.525298603108361135e+02 -1.525298427274101130e+02 -1.525297331605702595e+02
4.239562767208715499e+00 -1.525383846767130649e+02 -1.525298074659793599e+02 -1.525297898791355351e+02 -1.525296829159267702e+02
4.295118322764270857e+00 -1.525383354614556310e+02 -1.525297574691342959e+02 -1.525297398667472066e+02 -1.525296353547998649e+02
4.350673878319827104e+00 -1.525382888475247682e+02 -1.525297101261919579e+02 -1.525296924980270035e+02 -1.525295902945084663e+02
4.406229433875382462e+00 -1.525382446618296228e+02 -1.525296652593433180e+02 -1.525296475970367283e+02 -1.525295475683645350e+02
4.461784989430937820e+00 -1.525382027462852648e+02 -1.525296227060081549e+02 -1.525296050029966466e+02 -1.525295068288993718e+02
4.517340544986493178e+00 -1.525381629566481649e+02 -1.525295823177028751e+02 -1.525295645691125515e+02 -1.525294683220629395e+02
4.572896100542048536e+00 -1.525381251613184190e+02 -1.525295439588616659e+02 -1.525295261613653963e+02 -1.525294317336888525e+02
4.628451656097604783e+00 -1.525380892401131803e+02 -1.525295075056270377e+02 -1.525294896572784467e+02 -1.525293969494061344e+02
4.684007211653160141e+00 -1.525380550830508355e+02 -1.525294728446469890e+02 -1.525294549446991539e+02 -1.525293638648363128e+02
4.739562767208715499e+00 -1.525380225891548491e+02 -1.525294398718852449e+02 -1.525294219206029425e+02 -1.525293323843676774e+02
4.795118322764270857e+00 -1.525379916653157863e+02 -1.525294084914859809e+02 -1.525293904899567963e+02 -1.525293024199880563e+02
4.850673878319827104e+00 -1.525379622252246463e+02 -1.525293786147048252e+02 -1.525293605646561446e+02 -1.525292738901924849e+02
4.906229433875382462e+00 -1.525379341884098210e+02 -1.525293501589401046e+02 -1.525293320625671925e+02 -1.525292467189992465e+02
4.961784989430937820e+00 -1.525379074793841028e+02 -1.525293230468646470e+02 -1.525293049066734170e+02 -1.525292208350788030e+02
5.017340544986493178e+00 -1.525378820269230005e+02 -1.525292972056920746e+02 -1.525292790243596812e+02 -1.525291961710235853e+02
5.072896100542048536e+00 -1.525378577634812984e+02 -1.525292725665700004e+02 -1.525292543468253541e+02 -1.525291726627575031e+02
5.128451656097603895e+00 -1.525378346247326817e+02 -1.525292490640956089e+02 -1.525292308086216906e+02 -1.525291502471100671e+02
5.184007211653160141e+00 -1.525378125492418633e+02 -1.525292266359633118e+02 -1.525292083473189848e+02 -1.525291288691737748e+02
5.239562767208715499e+00 -1.525377914782426103e+02 -1.525292052227132444e+02 -1.525291869032773207e+02 -1.525291084708447897e+02
5.295118322764270857e+00 -1.525377713555113530e+02 -1.525291847675773340e+02 -1.525291664195102328e+02 -1.525290889980365989e+02
5.350673878319826215e+00 -1.525377521273108528e+02 -1.525291652163959952e+02 -1.525291468416174610e+02 -1.525290703988557937e+02
5.406229433875382462e+00 -1.525377337423846029e+02 -1.525291465175863550e+02 -1.525291281177680958e+02 -1.525290526236154847e+02
5.461784989430937820e+00 -1.525377161519854212e+02 -1.525291286221461178e+02 -1.525291101987178024e+02 -1.525290356248893886e+02
5.517340544986493178e+00 -1.525376993099142453e+02 -1.525291114836736597e+02 -1.525290930378350822e+02 -1.525290193575770274e+02
5.572896100542048536e+00 -1.525376831725548925e+02 -1.525290950583830920e+02 -1.525290765911254596e+02 -1.525290037789645226e+02
5.628451656097603895e+00 -1.525376676988983888e+02 -1.525290793051147205e+02 -1.525290608172456075e+02 -1.525289888487755547e+02
5.684007211653160141e+00 -1.525376528505439069e+02 -1.525290641853252112e+02 -1.525290456774952190e+02 -1.525289745292002408e+02
5.739562767208715499e+00 -1.525376385916702020e+02 -1.525290496630491930e+02 -1.525290311357805422e+02 -1.525289607848914955e+02
5.795118322764270857e+00 -1.525376248889834017e+02 -1.525290357048423289e+02 -1.525290171585562575e+02 -1.525289475829352170e+02
5.850673878319826215e+00 -1.525376117116354067e+02 -1.525290222796961643e+02 -1.525290037147380531e+02 -1.525289348928604340e+02
5.906229433875381574e+00 -1.525375990311154055e+02 -1.525290093589267713e+02 -1.525289907755900458e+02 -1.525289226863060605e+02
5.961784989430937820e+00 -1.525375868211276327e+02 -1.525289969160526766e+02 -1.525289783145992715e+02 -1.525289109372450866e+02
6.017340544986493178e+00 -1.525375750574468725e+02 -1.525289849266529245e+02 -1.525289663073289717e+02 -1.525288996216574446e+02
6.072896100542048536e+00 -1.525375637177691885e+02 -1.525289733682166400e+02 -1.525289547312680725e+02 -1.525288887174378942e+02
6.128451656097603895e+00 -1.525375527815540124e+02 -1.525289622199890971e+02 -1.525289435656717671e+02 -1.525288782042484854e+02
6.184007211653160141e+00 -1.525375422298673129e+02 -1.525289514628167353e+02 -1.525289327914042303e+02 -1.525288680633665024e+02
6.239562767208715499e+00 -1.525375320452234575e+02 -1.525289410789913234e+02 -1.525289223907809912e+02 -1.525288582775335158e+02
6.295118322764270857e+00 -1.525375222114429903e+02 -1.525289310521099537e+02 -1.525289123474258020e+02 -1.525288488308158037e+02
6.350673878319826215e+00 -1.525375127135077378e+02 -1.525289213669331900e+02 -1.525289026461259425e+02 -1.525288397061950150e+02
6.406229433875381574e+00 -1.525375035374312631e+02 -1.525289120092553219e+02 -1.525288932727040105e+02 -1.525288308942476760e+02
6.461784989430937820e+00 -1.525374946701446959e+02 -1.525289029657937760e+02 -1.525288842139025007e+02 -1.525288223801788376e+02
2.696178498943093871e+01 -1.525371662796206635e+02 -1.525285668925675964e+02 -1.525285476763254735e+02 -1.525285092695194749e+02
