QED-CCSD-2 results for Benzene-Argon (Cavity Frequency = 2.0 eV; coupling strength = 0.05 a.u.)
Distance Bz-Ar (A)                E (outside)                 E (pol x)                E (pol y)                  E (pol z)

2.000000000000000000e+00 -7.580626074478886949e+02 -7.580335991674215848e+02 -7.580335987275390153e+02 -7.580377701345902324e+02
2.080000000000000071e+00 -7.580896190376384993e+02 -7.580605814151042523e+02 -7.580605757745940991e+02 -7.580647799110121241e+02
2.160000000000000142e+00 -7.581114892024829715e+02 -7.580824202169286536e+02 -7.580824198267087013e+02 -7.580866429566591478e+02
2.240000000000000213e+00 -7.581290725234517822e+02 -7.580999710631164135e+02 -7.580999706393694169e+02 -7.581042149865338615e+02
2.319999999999999840e+00 -7.581431075790123941e+02 -7.581139735445550514e+02 -7.581139732338076556e+02 -7.581182355535270290e+02
2.399999999999999911e+00 -7.581542268226553460e+02 -7.581250607659803791e+02 -7.581250617583013991e+02 -7.581293383284149741e+02
2.479999999999999982e+00 -7.581629675655706251e+02 -7.581337706798818772e+02 -7.581337699969737969e+02 -7.581380611105419121e+02
2.560000000000000053e+00 -7.581697824038581075e+02 -7.581405557572421685e+02 -7.581405543456180567e+02 -7.581448570289504687e+02
2.640000000000000124e+00 -7.581750488030983206e+02 -7.581457888290544815e+02 -7.581457933173272750e+02 -7.581501071027461194e+02
2.719999999999999751e+00 -7.581790781627099705e+02 -7.581497969995276662e+02 -7.581497966715795656e+02 -7.581541200865028713e+02
2.799999999999999822e+00 -7.581821247713097591e+02 -7.581528167448366275e+02 -7.581528165413149054e+02 -7.581571542273125033e+02
2.879999999999999893e+00 -7.581843945041304096e+02 -7.581550634722284485e+02 -7.581550631065267680e+02 -7.581594136005051041e+02
2.959999999999999964e+00 -7.581860532576456535e+02 -7.581566984886476348e+02 -7.581566986288510179e+02 -7.581610651162293379e+02
3.040000000000000036e+00 -7.581872344388548299e+02 -7.581578580588602563e+02 -7.581578577119114470e+02 -7.581622422149836211e+02
3.120000000000000107e+00 -7.581880453169829934e+02 -7.581586484836500404e+02 -7.581586481469573755e+02 -7.581630520389545609e+02
3.200000000000000178e+00 -7.581885721741930411e+02 -7.581591560007774433e+02 -7.581591555352649721e+02 -7.581635808760300961e+02
3.280000000000000249e+00 -7.581888842685222016e+02 -7.581594497702350282e+02 -7.581594494652636058e+02 -7.581638963309845849e+02
3.360000000000000320e+00 -7.581890368952446124e+02 -7.581595857665549829e+02 -7.581595842388322808e+02 -7.581640562502335570e+02
3.439999999999999947e+00 -7.581890737693050824e+02 -7.581596054521410224e+02 -7.581596051120741322e+02 -7.581641014142234098e+02
3.520000000000000018e+00 -7.581890289634161491e+02 -7.581595449290645092e+02 -7.581595398274814670e+02 -7.581640664248608346e+02
3.600000000000000089e+00 -7.581889285520265958e+02 -7.581594295079996755e+02 -7.581594317951323774e+02 -7.581639775303534634e+02
3.679999999999999716e+00 -7.581887920567078254e+02 -7.581592784497428283e+02 -7.581592792088791839e+02 -7.581638531333298943e+02
3.759999999999999787e+00 -7.581886337350615577e+02 -7.581591065806628649e+02 -7.581591077512100583e+02 -7.581637084080317663e+02
3.839999999999999858e+00 -7.581884637230173212e+02 -7.581589242293919142e+02 -7.581589231351400713e+02 -7.581635526970222827e+02
3.919999999999999929e+00 -7.581882890255445773e+02 -7.581587351458982766e+02 -7.581587366607996046e+02 -7.581633928983093256e+02
4.000000000000000000e+00 -7.581881143483069536e+02 -7.581585495436967221e+02 -7.581585498177348654e+02 -7.581632345519331011e+02
4.080000000000000071e+00 -7.581879427682214327e+02 -7.581583660622731031e+02 -7.581583666849705878e+02 -7.581630786610841142e+02
4.160000000000000142e+00 -7.581877762502306268e+02 -7.581581893247096104e+02 -7.581581882584034702e+02 -7.581629289366063631e+02
4.240000000000000213e+00 -7.581876160000780374e+02 -7.581580177515468222e+02 -7.581580175659437373e+02 -7.581627856763834643e+02
4.320000000000000284e+00 -7.581874628574946655e+02 -7.581578551189170412e+02 -7.581578540487214468e+02 -7.581626496813390759e+02
4.400000000000000355e+00 -7.581873172064759956e+02 -7.581576991101545673e+02 -7.581576988695508135e+02 -7.581625212199907082e+02
4.480000000000000426e+00 -7.581871793421167922e+02 -7.581575526812631551e+02 -7.581575516090560996e+02 -7.581624006817775125e+02
4.560000000000000497e+00 -7.581870493997506628e+02 -7.581574133886973641e+02 -7.581574130147600954e+02 -7.581622870072725391e+02
4.640000000000000568e+00 -7.581869274142892436e+02 -7.581572830859229271e+02 -7.581572832747521034e+02 -7.581621821035843141e+02
4.720000000000000639e+00 -7.581868133376126480e+02 -7.581571609472588307e+02 -7.581571598033721102e+02 -7.581620842586568187e+02
4.800000000000000711e+00 -7.581867070495745793e+02 -7.581570483214966316e+02 -7.581570479926340340e+02 -7.581619936583940671e+02
4.879999999999999893e+00 -7.581866083669102636e+02 -7.581569426055893928e+02 -7.581569422980596755e+02 -7.581619101547544233e+02
4.959999999999999964e+00 -7.581865170521664368e+02 -7.581568438484412127e+02 -7.581568432465136311e+02 -7.581618333452679508e+02
5.040000000000000036e+00 -7.581864328232630896e+02 -7.581567532542078425e+02 -7.581567530566677533e+02 -7.581617629678951289e+02
5.120000000000000107e+00 -7.581863553633713764e+02 -7.581566700108190844e+02 -7.581566643439003883e+02 -7.581616987077803742e+02
5.200000000000000178e+00 -7.581862843304620583e+02 -7.581565933789876226e+02 -7.581565935327018906e+02 -7.581616401584935829e+02
5.280000000000000249e+00 -7.581862193661022502e+02 -7.581565250397361524e+02 -7.581565227652496333e+02 -7.581615869791636442e+02
5.359999999999999432e+00 -7.581861601029960411e+02 -7.581564587716439974e+02 -7.581564577591083207e+02 -7.581615386437416646e+02
5.439999999999999503e+00 -7.581861061713653953e+02 -7.581564008239522536e+02 -7.581563992286651228e+02 -7.581614947580035277e+02
5.519999999999999574e+00 -7.581860572039903445e+02 -7.581563465916167388e+02 -7.581563462777079394e+02 -7.581614561060905544e+02
5.599999999999999645e+00 -7.581860128403384351e+02 -7.581562974509495234e+02 -7.581562976048079463e+02 -7.581614208994736828e+02
5.679999999999999716e+00 -7.581859727297629661e+02 -7.581562545059487093e+02 -7.581562533622536648e+02 -7.581613893948599525e+02
5.759999999999999787e+00 -7.581859365340827708e+02 -7.581562135811374219e+02 -7.581562084359235314e+02 -7.581613611887439674e+02
5.839999999999999858e+00 -7.581859039297013396e+02 -7.581561760329154822e+02 -7.581561768876790666e+02 -7.581613352628385201e+02
5.919999999999999929e+00 -7.581858746091730836e+02 -7.581561420180602227e+02 -7.581561433986300926e+02 -7.581613137772402524e+02
6.000000000000000000e+00 -7.581858482824585508e+02 -7.581561145603166096e+02 -7.581561150909641356e+02 -7.581612940755484260e+02
6.080000000000000071e+00 -7.581858246776705528e+02 -7.581560877197889567e+02 -7.581560881756961408e+02 -7.581612766536219397e+02
6.160000000000000142e+00 -7.581858035421288378e+02 -7.581560646740040283e+02 -7.581560624779627915e+02 -7.581612613187589886e+02
6.240000000000000213e+00 -7.581857846399482241e+02 -7.581560422841278069e+02 -7.581560390702356926e+02 -7.581612478738711616e+02
6.320000000000000284e+00 -7.581857677563552897e+02 -7.581560197371318282e+02 -7.581560214712795869e+02 -7.581612364497735825e+02
6.400000000000000355e+00 -7.581857526925430193e+02 -7.581560031361716483e+02 -7.581560044418315556e+02 -7.581612259197243020e+02
6.480000000000000426e+00 -7.581857392670482341e+02 -7.581559875304643583e+02 -7.581559869620529071e+02 -7.581612170713787009e+02
6.560000000000000497e+00 -7.581857273143048133e+02 -7.581559741764245928e+02 -7.581559729000905463e+02 -7.581612093976573306e+02
6.639999999999999680e+00 -7.581857166840436548e+02 -7.581559604416395359e+02 -7.581559549537678322e+02 -7.581612026964195366e+02
6.719999999999999751e+00 -7.581857072374515383e+02 -7.581559484849170758e+02 -7.581559481745417770e+02 -7.581611972547981395e+02
6.799999999999999822e+00 -7.581856988378623328e+02 -7.581559376411258881e+02 -7.581559323223009415e+02 -7.581611925106318495e+02
6.879999999999999893e+00 -7.581856914120730835e+02 -7.581559281887584802e+02 -7.581559278827576236e+02 -7.581611885510950515e+02
6.959999999999999964e+00 -7.581856848165850806e+02 -7.581559195017304091e+02 -7.581559194669032422e+02 -7.581611851587933870e+02
7.040000000000000036e+00 -7.581856789716582625e+02 -7.581559124740215339e+02 -7.581559120829080030e+02 -7.581611825306699757e+02
7.120000000000000107e+00 -7.581856737927888616e+02 -7.581559044940261174e+02 -7.581559041982781082e+02 -7.581611803299366557e+02
7.200000000000000178e+00 -7.581856692036081995e+02 -7.581558973724411317e+02 -7.581558977000300956e+02 -7.581611784580064750e+02
7.280000000000000249e+00 -7.581856651352446761e+02 -7.581558921845668237e+02 -7.581558917458489759e+02 -7.581611773686089464e+02
7.360000000000000320e+00 -7.581856615257751173e+02 -7.581558875430657736e+02 -7.581558864875174777e+02 -7.581611766680315441e+02
7.440000000000000391e+00 -7.581856583197319424e+02 -7.581558824052335694e+02 -7.581558814673849156e+02 -7.581611754271606287e+02
7.520000000000000462e+00 -7.581856554675554207e+02 -7.581558774395091405e+02 -7.581558766688707465e+02 -7.581611749365762307e+02
7.600000000000000533e+00 -7.581856529254516772e+02 -7.581558730504602863e+02 -7.581558730504515324e+02 -7.581611746573476012e+02
7.679999999999999716e+00 -7.581856506543360865e+02 -7.581558703409582449e+02 -7.581558686989205853e+02 -7.581611747891153072e+02
7.759999999999999787e+00 -7.581856486200083509e+02 -7.581558660666782998e+02 -7.581558652022439446e+02 -7.581611745249152818e+02
7.839999999999999858e+00 -7.581856467924058052e+02 -7.581558628078644233e+02 -7.581558625129661095e+02 -7.581611752670469286e+02
7.919999999999999929e+00 -7.581856451454499393e+02 -7.581558598371511835e+02 -7.581558606868852621e+02 -7.581611753130790703e+02
8.000000000000000000e+00 -7.581856436562248973e+02 -7.581558574534919899e+02 -7.581558562379591422e+02 -7.581611751771749823e+02
8.080000000000000071e+00 -7.581856423050555804e+02 -7.581558552633234740e+02 -7.581558540481496493e+02 -7.581611763250324429e+02
8.160000000000000142e+00 -7.581856410749077213e+02 -7.581558519792516790e+02 -7.581558490125515846e+02 -7.581611769040009676e+02
8.240000000000000213e+00 -7.581856399511103746e+02 -7.581558504265015017e+02 -7.581558493694446952e+02 -7.581611774042062279e+02
8.320000000000000284e+00 -7.581856389216043226e+02 -7.581558475152687606e+02 -7.581558468421428643e+02 -7.581611778267699719e+02
8.400000000000000355e+00 -7.581856379740695502e+02 -7.581558454200312553e+02 -7.581558456658159457e+02 -7.581611785287008161e+02
8.480000000000000426e+00 -7.581856371005444544e+02 -7.581558435020240267e+02 -7.581558432157726202e+02 -7.581611789638798200e+02
8.560000000000000497e+00 -7.581856362928016324e+02 -7.581558416976902208e+02 -7.581558414165244812e+02 -7.581611795501916049e+02
8.640000000000000568e+00 -7.581856355438952733e+02 -7.581558399624119602e+02 -7.581558405011902551e+02 -7.581611801308044960e+02
8.719999999999998863e+00 -7.581856348479254848e+02 -7.581558383115341258e+02 -7.581558379960189313e+02 -7.581611807187712202e+02
8.800000000000000711e+00 -7.581856341993833439e+02 -7.581558368788863618e+02 -7.581558342736689156e+02 -7.581611813030717713e+02
8.879999999999999005e+00 -7.581856335950570838e+02 -7.581558352287349862e+02 -7.581558340697498579e+02 -7.581611819304686151e+02
8.960000000000000853e+00 -7.581856330298784314e+02 -7.581558337982178273e+02 -7.581558335934066690e+02 -7.581611830932923795e+02
9.039999999999999147e+00 -7.581856325008700423e+02 -7.581558330561589401e+02 -7.581558320672529590e+02 -7.581611842472916578e+02
9.120000000000000995e+00 -7.581856320050495697e+02 -7.581558311193676900e+02 -7.581558316727239344e+02 -7.581611843177091714e+02
9.199999999999999289e+00 -7.581856315397834578e+02 -7.581558298642370346e+02 -7.581558302349396854e+02 -7.581611848392944921e+02
9.280000000000001137e+00 -7.581856311027221409e+02 -7.581558286064095000e+02 -7.581558283475685585e+02 -7.581611853907645582e+02
9.359999999999999432e+00 -7.581856306917703705e+02 -7.581558287486889185e+02 -7.581558247996654245e+02 -7.581611859541469585e+02
9.440000000000001279e+00 -7.581856303050360566e+02 -7.581558261572207584e+02 -7.581558267720048434e+02 -7.581611864815503168e+02
9.519999999999999574e+00 -7.581856299407990036e+02 -7.581558253639861960e+02 -7.581558249522348660e+02 -7.581611869126166994e+02
9.600000000000001421e+00 -7.581856295975151170e+02 -7.581558243417180165e+02 -7.581558240286767614e+02 -7.581611874169599332e+02
9.679999999999999716e+00 -7.581856292737591048e+02 -7.581558241389691375e+02 -7.581558230815077195e+02 -7.581611879865714627e+02
9.759999999999999787e+00 -7.581856289682327770e+02 -7.581558224155756989e+02 -7.581558215274841359e+02 -7.581611891082662851e+02
9.839999999999999858e+00 -7.581856286797567464e+02 -7.581558215201814619e+02 -7.581558165809033198e+02 -7.581611896050706036e+02
9.919999999999999929e+00 -7.581856284072109702e+02 -7.581558206492001091e+02 -7.581558216547882694e+02 -7.581611901363901325e+02
1.000000000000000000e+01 -7.581856281495996654e+02 -7.581558203583033446e+02 -7.581558208856914689e+02 -7.581611904452936415e+02
2.500000000000000000e+01 -7.581856229283713446e+02 -7.581557905772732511e+02 -7.581557907482279006e+02 -7.581612107626000352e+02
1.000000000000000000e+02 -7.581856229078273373e+02 -7.581557896009398974e+02 -7.581557891189123666e+02 -7.580078767354575575e+02
