nep4_dipole 2 C O 
cutoff 6 4 2 2
n_max 6 6
basis_size 10 10
l_max 4 2 1
ANN 10 0
 -8.1468315e-08
 -2.3797549e-08
 -8.9286827e-09
 -1.9168009e-08
  3.4607822e-08
  1.3284521e-08
 -1.4718716e-08
  3.8628968e-08
 -1.5562746e-08
 -4.9956594e-08
 -2.3492697e-09
  1.8114218e-08
 -1.4828543e-09
 -1.1281390e-10
 -6.8907546e-09
 -1.2816542e-08
  2.0999330e-08
  8.9498648e-08
  1.6527057e-08
  7.9645623e-09
  1.8469938e-08
  7.2904633e-08
 -1.4294411e-08
 -2.5441597e-08
  1.0506429e-07
  5.6965977e-08
  9.2697015e-08
  3.9455674e-09
 -7.3913242e-08
  7.1798083e-09
 -5.6288485e-09
  1.7930486e-08
 -5.1764928e-08
 -8.6623935e-08
 -7.8572366e-09
 -4.4083059e-08
  6.7758563e-08
 -6.2724688e-08
  5.5063518e-09
  2.2172717e-09
 -4.0845203e-09
 -4.2508881e-09
 -1.6565753e-07
 -2.1315525e-08
 -4.9811721e-08
  9.3637018e-09
 -4.0373092e-08
 -1.5745277e-07
  2.9767939e-08
  2.1545773e-08
  1.8406721e-08
  3.2867387e-08
  3.3516958e-08
  3.0753835e-08
 -3.9818362e-09
  4.1302726e-09
  8.6290882e-08
  4.7776634e-08
  3.2648813e-08
  1.6110026e-07
 -1.0679543e-08
 -2.2730657e-09
 -6.9816721e-08
  2.3721456e-09
 -2.1607415e-08
  5.2049725e-08
  3.4984705e-08
  2.7581528e-08
  4.7948969e-08
  2.2528535e-09
  5.7912469e-08
  2.2520912e-09
  1.5247466e-08
  1.1472669e-08
 -2.0948855e-08
 -3.9009149e-10
 -1.4008453e-08
 -4.4977888e-08
  4.2153818e-08
 -9.9102998e-08
  2.6484784e-08
 -7.6334025e-08
  9.6775956e-08
  3.8788873e-08
 -4.9297824e-08
  2.0514427e-08
 -4.1303419e-08
  1.5622282e-09
 -8.4786038e-08
 -1.8706888e-08
 -4.4292587e-08
 -1.3118084e-08
  1.6282579e-08
 -1.8103735e-08
 -1.3541481e-07
 -8.3311242e-09
 -1.5469714e-08
  1.0043552e-08
  7.9719227e-09
 -2.8624298e-08
 -7.0476713e-09
 -1.8023499e-08
  6.9162496e-08
 -1.8402488e-08
 -3.3454370e-08
  4.4043009e-09
 -8.3976781e-09
  1.4673168e-08
  3.2219944e-08
 -7.8455731e-09
 -5.1945883e-09
 -2.9408052e-09
  3.5738065e-08
 -3.1086099e-08
 -1.2720898e-08
  4.0082391e-09
  1.2691986e-09
 -8.3929258e-08
  3.2586353e-08
 -1.7885263e-08
  1.7774591e-08
  1.2869619e-08
  2.7401358e-08
  3.7754216e-08
 -1.3909672e-08
 -7.0318713e-08
  5.9434203e-08
 -9.3492964e-08
  1.6637546e-08
  2.2761297e-09
 -3.9235388e-08
 -1.3030022e-09
 -4.2620492e-08
 -7.2709398e-08
 -7.7330384e-08
 -7.7395448e-08
  3.7841918e-08
  4.6646171e-09
 -3.4754581e-08
  1.1245641e-07
 -2.6298158e-08
  6.0751688e-08
  1.2619207e-08
  1.0332178e-07
  9.9189972e-09
 -2.3924080e-08
 -1.8750627e-07
 -1.6201721e-08
 -3.8528109e-01
  4.4287733e-09
  4.6437520e-08
  2.5843146e-08
  3.7412280e-01
 -3.3862431e-08
  1.1177670e-08
 -7.6329428e-08
  9.3206154e-09
 -9.5146300e-09
  4.9953370e-09
 -1.8120648e-09
 -1.3229560e-07
 -2.6324148e-08
 -2.7088991e-08
  1.2983779e-08
  1.0364650e-07
  1.0612516e-07
  6.3292631e-12
 -3.6444525e-09
  1.8555136e-08
 -7.0252725e-08
  3.0054931e-08
  3.4485229e-08
 -5.3907414e-08
  3.0845491e-09
 -8.7589598e-08
  8.9671586e-09
 -2.1281563e-08
  1.5638069e-08
  1.8858227e-08
  1.2766225e-08
 -7.4158173e-08
  4.5184967e-09
 -3.8243478e-08
 -1.6035299e-08
 -7.4967353e-08
 -6.0665037e-08
 -2.1948572e-09
 -1.8274797e-08
 -9.3522896e-09
  1.5214102e-08
  1.0644265e-08
 -3.7408171e-08
 -2.3510369e-08
  3.0846511e-08
 -1.2482697e-08
  6.6302391e-08
 -5.3873284e-09
  2.0041659e-08
 -2.5379677e-08
 -9.2319627e-09
  2.7229127e-08
 -2.5665996e-08
 -3.9927102e-09
 -8.3003231e-09
  7.0042880e-08
  5.1321802e-08
 -4.4454044e-08
  5.0630987e-08
 -2.4275147e-08
 -7.0337847e-09
 -1.4770102e-08
  1.3597736e-08
 -2.5314657e-09
 -5.7782050e-09
  7.0109444e-08
 -2.7647264e-08
 -1.1587335e-08
  1.0626018e-08
 -2.6937149e-08
 -7.8531251e-08
  5.0528463e-08
 -1.6915367e-08
 -1.0841700e-08
  1.2953266e-08
 -7.0425754e-10
 -5.4421978e-08
  6.2981449e-08
 -5.8245955e-09
 -4.3046601e-08
 -2.4280113e-09
  6.3446343e-08
  3.1402777e-08
 -1.0795651e-08
 -1.1942123e-08
 -9.3444008e-10
  2.8544360e-08
 -6.7138495e-09
  5.6386344e-08
 -9.5405053e-09
 -1.7872168e-07
 -4.4037014e-09
  5.6056599e-09
 -6.3648919e-08
 -8.0759222e-08
 -8.6167846e-09
 -1.1541737e-08
  6.9028033e-10
 -2.6584749e-08
 -3.8630724e-08
  1.7407945e-08
  2.4722389e-09
 -4.4137667e-09
 -4.7204396e-09
 -3.4008163e-08
  1.5740309e-08
 -2.8265941e-08
 -1.4742152e-08
 -7.3168014e-09
  1.3925037e-07
 -8.9967021e-09
 -2.1716449e-08
  8.6308013e-08
  2.7613368e-08
  6.3567789e-08
 -3.3418910e-08
 -3.2740221e-08
  7.1127744e-09
 -3.1586566e-08
  3.1331624e-08
 -1.2345232e-09
  5.9393589e-08
  4.4899737e-09
  4.6428372e-08
  1.7007226e-08
 -1.1184037e-07
  3.0502620e-09
 -4.5626422e-08
  2.2673648e-08
 -5.7067160e-09
 -2.5382665e-08
  2.6664475e-08
  7.0585151e-09
  2.8124303e-09
 -2.5227912e-08
 -3.3050537e-08
 -3.6455393e-08
  3.1340154e-08
 -2.1484725e-08
  1.1776097e-08
 -6.0781758e-08
  1.8778695e-07
  1.2805131e-09
  1.4988085e-08
 -1.5089672e-08
 -2.0649544e-08
 -7.1166393e-09
 -3.1048252e-08
 -6.2767462e-09
 -1.0533554e-07
  1.0349179e-07
  4.2608587e-08
  8.7196547e-08
  2.3018204e-08
 -2.5353359e-09
 -7.2945298e-08
  4.5399098e-08
  5.9346966e-08
  1.8535045e-08
 -5.4037923e-08
  1.7430318e-09
 -1.2137364e-08
 -1.0171984e-08
 -8.8058991e-09
 -6.6335093e-09
  1.4278200e-08
  1.2764508e-08
 -9.0084804e-08
  3.4046437e-08
 -7.8576905e-09
 -1.1361200e-08
  9.3223518e-09
 -2.6282972e-08
  4.6854591e-09
 -2.4013309e-09
  2.2145979e-08
 -7.5619022e-09
  3.0867174e-08
 -9.2092944e-10
  2.1313173e-09
  1.0116955e-08
 -4.1903249e-08
  7.5025326e-08
 -8.5099252e-09
  3.0500139e-08
 -3.0701901e-09
 -4.3176787e-08
  1.8602909e-08
  5.3324158e-08
 -2.1073868e-08
 -1.0673414e-07
  1.3980706e-08
  1.3660067e-08
  1.0023038e-08
  2.2436007e-08
  2.4154643e-08
  2.3910955e-08
 -2.0274312e-08
 -2.5591935e-09
  4.4911086e-08
 -1.2340275e-08
  4.8787037e-08
  6.6451314e-08
 -3.1825091e-09
 -3.2966810e-08
 -3.9269693e-08
 -4.5627919e-09
  2.9726641e-09
  7.8568769e-09
 -1.3523861e-07
  2.0876188e-07
 -5.7434491e-08
  6.3093410e-08
 -7.1033739e-08
 -4.9865498e-08
  3.7104250e-08
  1.9368191e-09
  2.5792520e-08
 -4.2251256e-09
  2.1053792e-08
 -9.8763088e-08
  1.6368226e-08
 -1.4386790e-08
  1.7053799e-07
  1.9458186e-09
 -1.6788663e-08
  3.9921124e-09
  1.5997131e-08
 -5.6921223e-08
  2.6040382e-08
  9.7832087e-10
  7.0891360e-08
  2.4337529e-08
  1.3732152e-08
  3.7516006e-08
  3.3920152e-08
 -1.1968431e-08
  3.6766643e-08
 -6.8209656e-09
 -3.9088226e-09
 -3.6271746e-08
 -6.0888553e-08
  6.4370185e-09
  2.6533833e-08
 -4.3078909e-09
 -4.0008377e-08
 -6.1467315e-10
 -1.1781662e-08
 -3.5038465e-08
 -9.2754355e-08
 -1.7800276e-09
  7.9094082e-09
 -2.1908527e-08
  5.4524314e-08
 -4.2976499e-08
 -4.4917464e-08
  3.4466527e-08
  2.5888346e-08
  6.4621133e-08
 -1.0504718e-08
 -2.8559610e-08
  1.0916282e-09
 -4.0142933e-09
 -5.0372414e-08
 -3.7434741e-10
  3.2065959e-08
  1.9652909e-08
 -5.9810041e-08
  5.4462628e-08
 -2.1637243e-08
 -3.6847570e-08
  1.2571128e-08
 -8.3941050e-09
  1.0152297e-08
 -4.0970626e-08
  1.0284079e-07
 -1.9537231e-08
 -3.0878820e-08
  4.6898407e-08
  1.2235503e-07
 -4.1857358e-09
  2.0772468e-08
  3.0284301e-08
 -2.6826557e-08
 -1.1456144e-08
 -1.7444988e-08
  5.5294219e-08
  2.2456975e-08
 -1.1191945e-08
 -7.5986391e-09
  1.1370740e-07
 -1.0556809e-07
 -1.7623911e-08
  3.4996805e-08
  1.3068422e-08
 -6.3824025e-08
  4.5128100e-08
  4.0697734e-09
 -3.6921307e-08
  1.3304405e-07
  3.4424836e-08
 -6.0438272e-09
 -1.5443021e-08
 -3.2128789e-08
  1.2562042e-08
 -2.5740796e-08
  1.2736176e-07
 -7.2235401e-10
  8.9165162e-08
 -1.4591092e-08
  6.0763583e-08
 -8.3692868e-08
 -7.6375689e-10
  5.1437624e-08
  9.9980229e-09
 -4.7569998e-08
 -6.0092489e-08
  1.3348441e-08
  3.3884529e-08
 -3.0219727e-08
 -7.0588342e-08
 -8.1693114e-09
  8.3218630e-08
  2.6716286e-08
  1.6628464e-08
 -7.9362145e-08
 -1.0435187e-08
 -6.9603544e-08
 -1.2424557e-07
  3.0204792e-08
  2.7427307e-08
 -4.3785050e-08
 -6.7514812e-08
 -4.8301292e-08
 -3.5355404e-12
 -1.1404169e-08
  6.6931065e-08
  1.1132215e-07
  3.6248768e-09
 -5.1697477e-09
  1.2909307e-08
 -3.6932622e-08
  1.2949302e-08
  2.5429237e-08
 -8.0885269e-02
 -5.0646566e-08
 -7.1737894e-08
 -4.7701221e-09
  1.2970834e-08
  3.6911420e-08
 -3.1170572e-08
  6.0549475e-08
 -2.8999947e-08
 -8.7656346e-08
  5.5979562e-01
  2.9387595e-08
  4.1744485e-08
  3.1365207e-08
  3.0752933e-08
 -6.2852180e-08
  1.0458533e-07
  1.6169673e-09
  2.9797691e-09
  1.5580225e-09
 -6.5379702e-10
 -2.6277038e-09
 -9.5777020e-10
 -1.1926581e-09
  2.2914572e-09
 -2.2049026e-10
  1.9252433e-09
  1.5102446e-09
 -1.5436316e-09
  1.7224105e-09
  4.4667081e-10
 -2.2389497e-10
 -1.8767037e-09
  4.0147490e-09
 -5.9303429e-10
 -1.0731720e-09
 -1.5242778e-10
  3.3638631e-10
 -1.6274020e-09
  1.8663004e-10
  7.0307947e-11
 -9.3783292e-10
  3.2562975e-10
  2.6118432e-10
  1.3927514e-09
 -1.7556873e-10
 -3.7889420e-09
  1.6806450e-09
  9.4711727e-10
 -1.9198620e-09
 -2.3938329e-10
  6.9601658e-10
 -1.5991833e-09
 -1.4822107e-09
  9.8263053e-10
  4.6171431e-09
 -1.3094237e-09
 -2.7004108e-09
 -1.6823865e-09
 -1.0911115e-11
 -2.7292321e-10
  1.6938843e-10
 -1.8253258e-09
  2.9816358e-10
 -1.6077317e-09
  1.8650912e-09
  1.5181262e-09
 -1.0889759e-09
 -4.8564863e-10
  3.2973668e-09
 -2.7486791e-10
  1.2722206e-09
  2.0318009e-09
 -4.0985265e-10
 -2.0891673e-09
 -1.8991103e-10
  8.9224361e-10
 -6.0618566e-10
  6.8536378e-11
  9.8757436e-10
  1.0257915e-09
  4.9365712e-10
 -9.5693053e-10
  2.9325092e-10
  1.4924525e-09
  6.0287525e-10
 -5.3353177e-10
  1.3153278e-09
 -4.5664700e-10
  2.8835698e-09
  1.1770290e-09
 -4.2978618e-10
  1.8707844e-09
 -6.7570355e-10
 -2.7381319e-10
  2.0130559e-09
 -2.5525501e-10
 -7.9647910e-10
 -3.2913134e-09
  1.6188464e-10
  5.7460071e-11
  5.0541713e-11
 -1.1292652e-09
  1.2094733e-09
  1.8331980e-10
  9.7539166e-10
  4.5757512e-10
  7.7508777e-10
  3.1716341e-10
  1.7509961e-09
 -1.3199317e-09
  1.4834507e-09
 -1.4215408e-09
 -2.2762092e-09
  1.0311069e-10
 -4.6115831e-10
 -4.7247112e-10
 -2.0585846e-09
 -2.2146258e-09
 -1.7207751e-09
 -3.1549657e-12
  2.9230451e-09
 -1.0642278e-09
  2.2505093e-09
 -1.7121762e-09
 -1.5413852e-09
  1.0745639e-09
 -1.1730712e-09
  3.0882416e-10
  1.7015358e-09
 -7.7411216e-10
  1.7257946e-09
 -3.6604539e-10
  2.8428064e-11
 -9.5059960e-10
 -3.3435632e-10
  8.0492202e-10
 -6.2400046e-10
  2.4735121e-09
  1.9332742e-10
 -6.4016453e-10
 -1.4123532e-09
  4.2592360e-10
  1.7093756e-09
  1.4784201e-09
  3.6722733e-10
  3.6255426e-10
 -2.7266847e-09
  3.3988136e-12
 -1.0081791e-09
 -1.5219129e-09
 -6.8767636e-10
  1.5562307e-10
 -1.6031839e-09
 -1.3628420e-09
  1.1416235e-09
  1.3440915e-09
 -1.1563485e-09
 -3.7284803e-10
  2.2375309e-10
  1.2732058e-09
 -3.9547435e-10
  1.8343012e-09
 -2.1240711e-09
  6.4105465e-10
  5.2536958e-10
 -1.5129858e-09
 -3.2603482e-09
  2.1644431e-09
  1.3543434e-10
  2.3060280e-09
  1.0727721e-09
  1.5875792e-10
  1.4844647e-09
  1.3011123e-09
 -3.1117966e-09
 -9.0469621e-10
 -7.6620954e-10
  6.0795807e-10
  1.3249560e-09
 -1.7848152e-09
 -7.7203266e-10
  1.3951973e-09
  2.9192588e-09
  4.5197106e-12
 -1.0683243e-09
 -2.1289321e-09
  2.3074387e-09
  2.8104380e-10
 -1.4458713e-09
 -3.8221551e-10
 -2.4778311e-09
 -1.5356089e-10
  1.9193591e-09
  9.6965536e-10
  1.3204559e-09
  4.6419729e-10
  2.6782770e-10
 -1.3952396e-09
  1.9151889e-09
 -2.0033306e-10
 -1.6896140e-09
  1.2424202e-09
  4.2402246e-10
  9.8245834e-10
 -3.4681429e-09
  1.6594928e-09
  8.1496959e-10
  4.0028755e-10
  2.2449544e-09
 -2.7313793e-10
 -6.7364569e-10
  8.7528323e-10
  8.8558527e-10
 -4.5145337e-10
 -3.1997965e-10
  2.0115465e-09
  1.7690543e-09
  7.5986556e-10
 -1.0489412e-09
  2.9978553e-10
 -1.5446870e-09
 -3.5638228e-10
 -1.9796029e-10
  4.3416435e-09
  4.3022291e-11
 -9.2123342e-10
  2.4138591e-10
 -1.1758260e-09
  4.0450998e-09
  4.4259898e-11
  1.4432729e-09
  1.1387391e-09
  2.2331861e-09
  1.0094975e-09
  6.6902472e-10
 -7.1726868e-11
  7.0157358e-10
 -2.1759627e-09
  2.4003424e-10
 -5.7900063e-10
 -1.2468020e-09
 -1.2540576e-10
 -2.1942801e-09
  7.2184836e-10
 -2.1279709e-09
  3.5544090e-10
  5.3064841e-10
  1.2290233e-09
  1.2681202e-09
 -9.6937480e-10
  7.1504253e-10
  1.3500425e-09
  3.6769765e-10
 -1.2599706e-10
 -1.8842685e-09
 -1.6334735e-09
 -3.1934917e-09
  1.4745750e-09
  9.4412478e-10
 -9.1268687e-10
  1.1415886e-10
  4.6756897e-11
 -2.6548856e-09
 -2.2121277e-10
 -1.7398238e-09
  2.0608411e-10
 -1.9699027e-09
  7.6762884e-12
 -7.3088952e-10
  1.6855967e-09
 -2.8122829e-10
 -6.1143318e-10
  1.0870973e-09
  8.0973611e-10
 -2.7072706e-09
 -1.0505088e-09
 -1.5525344e-09
 -1.3477655e-09
 -4.5271864e-10
  2.4722402e-09
 -2.7965128e-09
  3.8257932e-11
  4.9351323e-10
  7.6582968e-10
  1.8790407e-09
  5.9529087e-10
  9.5321351e-10
  1.2003547e-09
  1.0123677e-09
  3.3408540e-10
 -1.3620494e-09
 -1.0191030e-11
 -2.6595970e-09
 -2.2423028e-09
 -1.5663085e-09
 -5.5967297e-10
  2.2168605e-09
  3.9873138e-10
  8.3831470e-11
  5.5524807e-10
 -2.4450667e-11
 -4.4204415e-10
  5.1388008e-11
  1.0952415e-09
  1.9165512e-10
  1.8687549e-09
  9.3977914e-10
 -2.9018132e-09
  1.0849072e-09
 -2.1992586e-09
 -1.2691908e-09
  1.3085673e-09
  1.1693053e-09
 -7.6814849e-10
 -4.6139659e-12
 -1.9042818e-09
  9.6987840e-10
 -1.8029660e-09
 -2.4670024e-09
 -2.8219040e-09
  2.3632127e-09
 -1.8696492e-11
 -2.8352243e-10
 -9.4145458e-10
 -7.0429845e-10
 -3.0505167e-09
  6.4587680e-10
 -1.3663803e-09
 -2.3464903e-09
 -7.1591716e-10
  5.9125649e-10
 -2.0711706e-10
 -1.1833926e-09
  8.4553468e-11
  2.4039021e-10
  1.5767907e-09
 -1.1773014e-09
  6.8398126e-10
 -1.4036015e-09
 -1.1807078e-09
 -1.1649831e-10
 -1.4461335e-10
  2.7163238e-10
  1.7458149e-09
  4.1176104e-10
  4.0194786e-10
  7.1510498e-10
  7.1569439e-10
  1.2694433e-09
  3.1830795e-12
  1.7402919e-09
 -2.3504616e-09
  1.0007896e-09
 -1.8406895e-09
 -6.4130742e-11
  2.9308642e-10
 -5.1279352e-11
 -9.9899855e-10
 -4.3235565e-10
 -1.1227682e-09
  2.4404331e-10
  6.9320799e-10
 -1.0707406e-09
 -6.5807311e-11
  1.2459415e-10
  6.9298961e-10
 -2.8752070e-10
  2.2003801e-09
 -1.6486903e-09
 -3.9987647e-10
 -3.6921519e-09
  8.8019386e-10
  9.6861241e-10
 -1.5407856e-09
  3.6336372e-09
 -1.1847363e-09
  1.7138747e-11
  1.3718237e-09
  2.3189102e-09
  2.1149122e-09
  1.3438882e-09
  1.0774217e-10
 -3.2541889e-09
 -6.8281020e-10
  2.0703426e-09
  2.0066700e-10
  2.4092453e-10
  7.6604179e-10
  7.1411627e-10
 -5.6414101e-10
  1.8017127e-09
  2.0910109e-09
 -1.7403311e-09
 -7.7109463e-10
 -1.5188769e-09
 -1.0577518e-09
  6.6734940e-10
  1.4254688e-10
  1.8259566e-09
 -3.9153625e-10
 -7.4848738e-10
  9.3087849e-10
 -1.3363789e-09
 -1.3303265e-09
 -2.1205959e-09
  9.7669051e-10
 -9.2915325e-10
 -9.4651662e-11
 -5.8825728e-10
  2.3818950e-10
  6.5334965e-10
 -3.7092514e-09
  6.4500866e-10
 -1.2391814e-09
  4.7815130e-10
 -1.9916637e-09
 -9.0522684e-10
  1.2364031e-09
 -6.5297816e-11
 -7.0229061e-10
 -1.5988919e-09
 -1.4555696e-09
  2.2893014e-09
 -2.5392835e-09
  1.3786331e-09
  9.2722013e-10
  3.3178221e-10
 -1.0475454e-09
 -1.7287571e-09
 -7.8802004e-10
  1.3097641e-09
  3.5991563e-10
  1.0028359e-10
 -9.4647390e-10
 -4.3421397e-10
  9.1995633e-10
 -3.4091513e-10
 -3.5138099e-09
 -1.0985037e-09
 -4.0431311e-10
  3.4905616e-09
  1.6732329e-09
 -1.1400945e-10
 -2.4565974e-10
 -7.7867202e-10
  9.8753583e-10
  1.4828387e-09
  1.0210514e-09
 -3.1103109e-10
  3.7859054e-09
  3.2644512e-10
  2.0683362e-09
 -2.2509976e-10
  8.0518425e-10
  1.9483919e-09
  6.0731274e-11
  3.1623074e-10
  2.7943918e-09
 -1.2637161e-09
  1.3097174e-09
 -1.7653815e-09
  1.6642711e-09
  2.0823154e-09
  7.1548240e-11
  5.3586457e-10
 -6.2291178e-10
  2.2895030e-10
  1.3389792e-10
 -2.1328552e-09
 -2.2035282e-09
  4.3020804e-10
 -3.6953283e-09
  8.8852442e-10
  2.3835207e-09
  6.4830674e-10
 -1.3656608e-09
 -2.8924287e-09
 -9.1910396e-11
  6.9751882e-10
  2.6638197e-10
  6.1458394e-10
  1.5642920e-10
 -6.1139255e-10
  8.5930912e-10
 -2.8481228e-09
  2.5045696e-10
  1.8979784e-09
 -1.7754729e-09
  5.5741395e-10
 -8.4890384e-10
  1.6092095e-09
 -7.8734880e-10
 -1.6207956e-09
  5.6143951e-10
 -1.3311973e-09
 -2.5523852e-10
 -1.4325393e-09
  1.3401685e-09
 -1.2114323e-10
 -3.5129533e-09
 -1.7250357e-09
 -1.6635691e-09
  1.4165995e-09
 -5.9582017e-10
  1.8357375e-09
  4.9178833e-10
  2.3452156e-09
  5.0314891e-10
  2.1381741e-09
  2.0172820e-11
 -1.4624090e-09
 -1.1932413e-09
  1.2281887e-09
  1.3165007e-09
  1.5327583e-09
 -3.2490574e-10
  1.0724767e-11
  8.0907148e-10
 -3.2837236e-11
 -4.2767445e-10
  1.0122098e-09
 -1.5769392e-09
 -9.9360531e-10
 -6.4261113e-10
 -1.9698714e-09
 -5.6320487e-10
  7.6358396e-07
  7.1493169e-08
  9.9998243e-10
  2.8202735e-10
  4.8222399e-09
 -3.2202479e-08
 -3.3078436e-08
 -1.2283632e-09
 -1.9973730e-10
  4.0356993e-09
 -9.3920953e-08
  1.5341627e-10
 -2.2044169e-10
  1.0860435e-09
 -2.4937412e-08
  9.5695341e-10
 -5.9486749e-10
 -4.7611792e-08
 -4.7746038e-08
  1.0844768e-09
  2.1228201e-09
 -3.4155172e-09
 -2.8687820e-08
 -5.5669536e-10
 -4.3863838e-10
 -6.3024316e-08
 -1.1263761e-07
  2.3753646e-10
  4.7516319e-10
  4.6170370e-11
 -3.9930930e-09
 -2.8753164e-09
  2.1935749e-09
  2.6012872e-09
  3.6612287e-09
 -1.6234519e-10
  9.1182900e-10
 -1.1903809e-07
 -4.8832310e-10
 -2.2791914e-10
 -3.4991405e-09
 -1.1557961e-08
 -4.1478060e-08
  1.1421795e-09
  7.0122280e-10
  2.3052046e-08
 -9.2155579e-03
  9.1309327e-10
 -5.7625793e-10
  6.9074546e-09
 -7.3319084e-09
  3.8909387e-10
 -3.7885722e-10
 -1.6065346e-08
 -1.6456736e-08
 -2.5483653e-09
  1.9221056e-09
  4.5235481e-08
 -1.0097099e-02
  1.3336238e-09
  5.7566968e-10
  1.2469386e-08
 -8.2472544e-03
 -9.6599306e-10
  7.8684820e-10
  3.0390737e-08
  1.3709637e-02
  2.4008040e-09
  6.0826999e-10
  3.7277992e-08
  3.6571212e-02
  1.6308609e-09
  3.7083068e-09
 -3.7870422e-09
 -6.5907925e-02
  1.4219600e-09
 -7.7040374e-10
  3.8715985e-08
 -2.1680367e-01
  5.4290161e-10
 -6.1776817e-10
 -1.0847285e-07
 -2.6477246e-02
 -1.2035396e-10
 -2.0667463e-09
 -1.3160179e-07
  2.9023218e-01
 -1.8311797e-10
  4.6551030e-10
  3.6050842e-09
 -3.7600056e-08
 -1.2184687e-09
  2.8851743e-10
  4.7050346e-08
  9.3743528e-09
 -1.0371145e-09
 -7.5572781e-10
  4.6489985e-09
 -2.1170068e-08
  3.0132417e-09
 -2.3818811e-10
 -2.1350106e-08
 -2.7487292e-08
 -1.3370580e-09
 -2.9525284e-09
  8.8839505e-09
  3.3889158e-10
  7.9708529e-10
  7.1492356e-10
 -7.5579916e-09
 -1.2434191e-08
  1.9176247e-09
 -1.6367216e-10
  1.4463625e-08
  2.9870648e-08
  1.2773564e-09
  6.9666611e-10
 -3.9999872e-08
 -1.2365311e-08
  2.1024389e-09
  3.8719358e-10
 -6.7446770e-08
 -4.6119542e-08
  1.6664115e-09
 -2.0668003e-10
 -5.5764207e-09
  1.8616751e-08
  3.8227349e-10
 -2.5491560e-11
 -1.6274679e-08
 -1.2172154e-07
 -6.3841787e-10
  3.6676637e-09
  4.0889855e-08
 -5.7419993e-09
  9.3112951e-10
 -1.3775894e-09
 -3.4371094e-08
 -3.9372654e-08
  1.2508509e-09
  1.1278929e-09
 -2.6821438e-08
 -1.7360163e-08
  5.1661653e-10
  1.3344144e-09
  9.7922964e-08
  2.5293275e-08
  1.7545533e-10
  2.5312871e-10
 -9.2186951e-09
 -2.8394755e-09
  6.4930133e-10
  2.4800084e-10
 -3.8340366e-09
 -2.4999178e-08
  7.4458911e-10
 -1.4213587e-10
 -4.3026727e-08
 -6.6735892e-09
 -1.5507842e-09
  8.4314261e-10
  6.7969445e-08
 -1.5343430e-07
 -1.3895015e-09
 -7.2410222e-10
 -4.2834154e-09
 -1.2081691e-07
 -2.2424598e-09
  2.9515526e-10
  1.9826890e-08
 -1.3093242e-09
 -1.1792490e-09
 -1.5354086e-09
 -1.3966636e-08
  4.0338097e-08
 -1.0037656e-10
 -7.7694690e-10
  5.9568688e-08
  2.4859652e-08
 -4.3039425e-10
  4.2431985e-11
 -9.5695309e-09
 -2.4818814e-08
 -2.0313433e-09
  1.5535691e-10
 -1.4152009e-08
 -5.5550132e-08
 -4.6305684e-10
 -8.2482149e-10
 -4.1555399e-08
  2.3370347e-10
  3.5931556e-11
 -1.0665476e-09
 -1.8665657e-08
  2.8133760e-08
  7.8873802e-10
  2.5276179e-09
  1.1776297e-08
  3.8889474e-09
  7.7595197e-10
  2.6654118e-10
  2.1840833e-08
 -1.8614228e-08
  1.0927410e-09
  2.2792890e-09
  2.1045095e-08
 -1.5425760e-08
 -1.5379684e-09
  8.3921908e-10
 -1.0504577e-07
  6.4267063e-08
 -2.7165031e-10
 -1.8179453e-09
  2.3140005e-10
 -5.6299818e-08
  1.3663273e-09
  8.9417601e-10
 -9.6927110e-08
  1.0982991e-07
  4.4284523e-10
  6.8343375e-10
 -8.2742297e-08
  7.9835365e-03
  2.5601630e-09
 -1.1552036e-09
 -1.5850235e-08
  3.0671277e-09
 -6.5124844e-10
  2.0792750e-09
 -4.2569223e-08
 -2.2944320e-08
 -1.2302735e-10
 -1.1746731e-09
 -7.5531306e-09
  8.9676334e-03
  2.9662326e-09
  2.5759531e-10
 -1.6488121e-08
  7.0865229e-03
 -1.0391562e-09
  3.8237605e-10
  5.8037357e-09
 -1.2481728e-02
  6.7238326e-10
  6.2268729e-10
 -4.6141857e-08
 -3.4546867e-02
  9.6936625e-10
  1.3049752e-09
 -2.6297105e-08
  6.2843807e-02
  1.2288711e-09
 -4.4022239e-10
 -1.4186861e-08
  2.1182109e-01
  3.6036023e-09
 -3.1146224e-10
  4.1668297e-08
  2.4711413e-02
 -3.2559191e-09
  9.5528263e-10
 -2.0086352e-08
 -2.8016558e-01
 -1.0496634e-09
  2.1514073e-09
  3.1273109e-09
  1.8116897e-09
 -4.7441906e-10
 -1.5391782e-09
  2.2464052e-08
  3.4456342e-08
  9.3464880e-10
  9.6581354e-10
  5.4005089e-09
  6.6069624e-08
  8.4135410e-10
  1.2687808e-10
 -5.2437663e-09
  1.3714347e-08
 -1.5384543e-09
 -8.2929857e-11
 -6.8804358e-09
  4.6110178e-09
 -1.2750853e-09
 -2.5284772e-09
  2.6294888e-08
  3.9737134e-09
 -5.4945054e-10
  2.5920817e-09
  3.6916363e-09
 -4.4165610e-08
 -6.4955058e-10
  1.2473831e-09
 -2.7116332e-08
  2.1654985e-08
  1.0840123e-09
 -2.0526957e-10
 -1.1746781e-08
  1.0193872e-07
  1.5085356e-09
  3.0412484e-10
 -6.8355767e-08
 -9.4044470e-09
 -8.8726676e-10
 -5.3473854e-11
 -5.2700429e-08
 -8.1712281e-09
 -2.4851085e-10
  6.8326728e-10
 -2.1303398e-08
  3.0013144e-08
  3.5969933e-10
  2.5176274e-09
  5.9660756e-08
  2.7983612e-08
  2.8810362e-10
 -2.4618221e-10
  9.7915631e-09
 -1.7676298e-07
 -1.0479736e-09
 -2.0944297e-09
 -1.1930856e-08
  2.9630012e-08
 -1.9276933e-09
 -1.4672062e-09
  4.2860535e-08
 -1.8735149e-08
  7.5126305e-10
 -7.2545631e-10
 -3.5879213e-09
 -2.4222739e-08
 -9.2787705e-10
 -9.0984353e-10
 -6.0141595e-08
 -4.2661739e-08
 -1.8115429e-10
  1.4455079e-10
  7.7304804e-08
  4.4458610e-09
 -3.5731662e-09
  6.0916783e-10
 -6.6603771e-09
  4.4255110e-08
  2.0999669e-09
  1.6638702e-09
 -2.9186928e-08
  1.3933763e-08
 -1.5438403e-09
  1.2471059e-10
 -4.7747730e-09
 -1.3400644e-09
  5.1883509e-10
 -2.7249027e-09
  5.8607007e-08
 -1.7840200e-08
  5.8801075e-10
  1.6034130e-09
  4.3546528e-08
  2.3021022e-08
 -7.4909101e-10
 -2.3130541e-10
  3.7746073e-08
  1.3346686e-08
  1.6704178e-09
 -1.1191343e-09
  9.2043182e-09
  2.0966970e-08
 -1.0697875e-09
 -9.9101956e-11
 -8.0470954e-09
 -3.5899387e-08
  5.3606525e-10
 -1.4393083e-10
  1.5473162e-08
  3.7803950e-08
 -2.4766071e-09
  7.6548094e-11
 -5.1964903e-08
 -2.9929041e-09
  1.8185299e-09
 -1.8115693e-09
 -6.3838597e-09
 -5.8085931e-08
  7.7180801e-10
  9.6752585e-11
  1.1979459e-08
  1.4057732e-09
  2.5458966e-09
 -3.5156436e-09
  2.3026056e-08
 -1.1112364e-08
  3.1675076e-10
 -8.1998680e-10
 -1.5874246e-08
 -1.2679478e-08
 -2.1517085e-10
  8.1271501e-10
 -3.4738612e-08
  2.6115574e-08
  2.3083090e-10
 -1.4651449e-09
 -3.2303074e-08
  1.4296948e-09
 -2.4741980e-09
 -2.9284195e-09
  3.4366190e-09
  1.1770100e-08
  3.1760616e-10
  7.0809064e-10
  9.0671257e-09
 -1.1907603e-08
 -5.0667126e-10
 -1.8722350e-10
  2.2971046e-08
 -9.3351638e-08
  2.7390896e-09
 -1.1202549e-09
  6.6649491e-08
 -4.0806252e-09
  2.7869924e-09
 -3.2615299e-11
  3.4858761e-08
  4.2399954e-08
 -1.5156363e-09
  2.1494521e-10
  3.4017489e-08
 -3.0752545e-08
  4.6197118e-10
 -6.5736727e-10
 -9.5996899e-09
  1.9960321e-08
 -1.9066673e-09
 -2.9267067e-09
  4.1708219e-08
  4.9097505e-08
 -3.4816787e-09
 -4.1372106e-09
 -5.1994649e-09
  3.2141802e-08
 -2.1851247e-09
 -2.0631503e-09
 -7.5041733e-09
  1.0467377e-08
  9.2970819e-11
 -8.7846558e-10
 -4.5847948e-09
 -1.6315699e-08
 -2.5712195e-09
  5.2262467e-10
 -1.1975892e-09
 -1.7175525e-08
  6.1691369e-10
  4.9664557e-11
 -3.6818799e-09
 -8.4168221e-08
 -1.9814481e-09
 -3.0940375e-10
 -4.7144568e-09
 -3.4339230e-08
 -1.1304939e-09
 -9.9224562e-10
  1.9506928e-08
  1.4412854e-09
  1.3131382e-09
 -9.7523689e-10
 -2.1234305e-08
  1.0935850e-08
 -1.4017371e-09
 -2.9459832e-09
  4.5517066e-08
  8.9804599e-09
  1.0583627e-09
  1.3427014e-09
  6.5016536e-08
 -2.7514682e-08
  3.0988814e-09
  2.1402162e-10
 -1.6160504e-08
 -1.7242760e-08
  1.3089654e-10
 -6.6917888e-10
 -7.3965758e-09
 -4.4293817e-08
 -3.4465333e-10
 -1.3812816e-09
 -1.2473238e-07
 -3.1102992e-08
  4.3075852e-11
  1.5182751e-11
  1.0580144e-08
  5.1468348e-08
 -8.8143454e-10
 -7.1306755e-10
  4.3350745e-08
  6.5233557e-08
 -2.4937938e-09
  1.6147320e-09
  1.0494126e-07
 -1.8010073e-07
 -1.4479323e-09
 -1.2506421e-09
 -2.4797394e-08
  1.8317195e-08
  1.7769377e-09
 -5.5580385e-10
  6.5866587e-08
  2.4648008e-08
 -8.7661711e-10
  5.9904283e-11
  1.8722337e-08
 -1.5027101e-08
 -6.7810429e-10
  1.7953711e-10
  3.3565961e-08
 -8.4978268e-08
  1.2905866e-09
 -2.8750191e-10
 -2.4619066e-08
 -3.6258516e-08
  1.7632817e-09
 -1.4192791e-09
  1.0811388e-08
  5.5978013e-08
 -6.0474059e-10
 -1.9945101e-10
  8.9560139e-08
  1.7430178e-08
 -1.4138047e-09
  1.3186273e-12
 -7.8796765e-09
 -5.5385931e-09
  1.3996475e-09
  2.4009821e-09
 -5.4323164e-09
 -1.8747251e-08
 -4.5400703e-10
 -1.1473437e-09
  1.9188364e-09
 -3.8530487e-08
 -2.9601936e-09
  2.2289861e-09
  1.4109808e-08
 -1.0119459e-08
 -8.8633084e-10
 -2.3964211e-10
  6.1110761e-10
  2.6998581e-08
  3.9032546e-09
 -8.0554968e-10
  1.5607341e-08
  3.4332956e-08
  6.2711906e-12
  6.7794320e-10
 -1.5950938e-08
  2.7664347e-08
  5.1403121e-10
  4.6159281e-09
 -3.0401502e-08
  1.4479816e-08
  1.3079074e-09
  2.8638616e-09
  1.0972064e-08
  3.2917864e-08
  7.8688783e-10
  2.8304811e-10
  1.0568758e-07
  4.2895543e-08
 -9.2797046e-12
  9.7708375e-10
  4.2926953e-08
  1.8819065e-08
  6.0577141e-11
  6.7098926e-10
 -3.4291248e-09
 -1.3014531e-08
 -4.4130644e-10
  7.5060436e-10
  1.0372580e-07
  4.0082522e-08
 -8.5019169e-10
 -6.0735228e-10
  4.3515680e-09
  5.1813366e-08
 -1.6799575e-09
 -1.7038916e-09
  3.5662020e-09
 -6.1281020e-09
 -2.2920488e-09
 -1.7126357e-09
 -4.0152570e-09
  4.0846494e-08
 -6.2970007e-10
  2.2821044e-10
 -4.4574101e-08
  1.3014817e-08
  9.4801533e-10
 -2.9353159e-10
  1.2095520e-08
 -3.7937827e-08
  5.3424198e-10
 -8.5660845e-10
 -6.3354101e-08
  7.0713373e-09
  2.5187201e-09
  7.2877378e-11
 -7.0718997e-08
  6.0380030e-09
 -7.6610218e-10
 -1.8563383e-10
 -9.1813961e-09
 -1.5561753e-08
  1.4198138e-09
  1.3439134e-11
 -8.3130836e-09
 -5.6221989e-08
 -9.4947228e-10
 -6.9902334e-10
  6.3344860e-01
  6.3344860e-01
  6.3344860e-01
  6.3344860e-01
  6.3344860e-01
  6.3344860e-01
  6.3344860e-01
  9.7110532e-02
  9.7110532e-02
  9.7110532e-02
  9.7110532e-02
  9.7110532e-02
  9.7110532e-02
  9.7110532e-02
  6.5141134e-02
  6.5141134e-02
  6.5141134e-02
  6.5141134e-02
  6.5141134e-02
  6.5141134e-02
  6.5141134e-02
  4.1618794e-02
  4.1618794e-02
  4.1618794e-02
  4.1618794e-02
  4.1618794e-02
  4.1618794e-02
  4.1618794e-02
  3.6189519e-02
  3.6189519e-02
  3.6189519e-02
  3.6189519e-02
  3.6189519e-02
  3.6189519e-02
  3.6189519e-02
  3.7224475e-02
  3.7224475e-02
  3.7224475e-02
  3.7224475e-02
  3.7224475e-02
  3.7224475e-02
  3.7224475e-02
  2.0208117e-02
  2.0208117e-02
  2.0208117e-02
  2.0208117e-02
  2.0208117e-02
  2.0208117e-02
  2.0208117e-02
