
******************************** Grid ********************************
Simulation Box:
  Type = minimum
  Radius  [b] =  11.338
  Octopus will run in 3 dimension(s).
  Octopus will treat the system as periodic in 0 dimension(s).
Main mesh:
  Spacing [b] = ( 0.283, 0.283, 0.283)    volume/point [b^3] =      0.02278
  # inner mesh =    2156823
  # total mesh =    2449852
  Grid Cutoff [H] =    61.417127    Grid Cutoff [Ry] =   122.834253
**********************************************************************


***************************** Symmetries *****************************
Symmetries have been disabled by SymmetriesCompute = false.
**********************************************************************


**************************** Theory Level ****************************
Input: [TheoryLevel = dft]

Exchange-correlation:
  Exchange
    Slater exchange (LDA)
    [1] P. A. M. Dirac, Math. Proc. Cambridge Philos. Soc. 26, 376 (1930)
  Correlation
    Perdew & Zunger (Modified) (LDA)

Input: [SICCorrection = sic_none]
**********************************************************************

SCF converged in   47 iterations

Eigenvalues [H]
 #st  Spin   Eigenvalue      Occupation
   1   --    -0.896158       2.000000
   2   --    -0.890896       2.000000
   3   --    -0.890868       2.000000
   4   --    -0.890844       2.000000
   5   --    -0.881023       2.000000
   6   --    -0.881017       2.000000
   7   --    -0.881004       2.000000
   8   --    -0.880988       2.000000
   9   --    -0.880975       2.000000
  10   --    -0.873080       2.000000
  11   --    -0.873064       2.000000
  12   --    -0.873046       2.000000
  13   --    -0.852785       2.000000
  14   --    -0.852775       2.000000
  15   --    -0.852770       2.000000
  16   --    -0.852756       2.000000
  17   --    -0.842417       2.000000
  18   --    -0.842411       2.000000
  19   --    -0.842410       2.000000
  20   --    -0.842400       2.000000
  21   --    -0.842388       2.000000
  22   --    -0.830320       2.000000
  23   --    -0.830315       2.000000
  24   --    -0.830311       2.000000
  25   --    -0.830306       2.000000
  26   --    -0.821749       2.000000
  27   --    -0.821743       2.000000
  28   --    -0.821734       2.000000
  29   --    -0.806566       2.000000
  30   --    -0.806564       2.000000
  31   --    -0.806558       2.000000
  32   --    -0.805027       2.000000
  33   --    -0.805023       2.000000
  34   --    -0.805016       2.000000
  35   --    -0.805010       2.000000
  36   --    -0.804996       2.000000
  37   --    -0.801358       2.000000
  38   --    -0.777893       2.000000
  39   --    -0.777884       2.000000
  40   --    -0.777862       2.000000
  41   --    -0.777472       2.000000
  42   --    -0.777462       2.000000
  43   --    -0.777455       2.000000
  44   --    -0.777441       2.000000
  45   --    -0.777439       2.000000
  46   --    -0.771780       2.000000
  47   --    -0.771767       2.000000
  48   --    -0.771761       2.000000
  49   --    -0.771759       2.000000
  50   --    -0.753177       2.000000
  51   --    -0.753157       2.000000
  52   --    -0.753142       2.000000
  53   --    -0.742652       2.000000
  54   --    -0.742643       2.000000
  55   --    -0.742634       2.000000
  56   --    -0.737818       2.000000
  57   --    -0.737810       2.000000
  58   --    -0.737804       2.000000
  59   --    -0.737794       2.000000
  60   --    -0.737792       2.000000
  61   --    -0.735742       2.000000
  62   --    -0.735736       2.000000
  63   --    -0.735727       2.000000
  64   --    -0.735710       2.000000
  65   --    -0.715356       2.000000
  66   --    -0.715338       2.000000
  67   --    -0.715321       2.000000
  68   --    -0.715285       2.000000
  69   --    -0.715276       2.000000
  70   --    -0.704706       2.000000
  71   --    -0.704688       2.000000
  72   --    -0.704675       2.000000
  73   --    -0.690580       2.000000
  74   --    -0.690577       2.000000
  75   --    -0.690567       2.000000
  76   --    -0.690562       2.000000
  77   --    -0.688467       2.000000
  78   --    -0.688459       2.000000
  79   --    -0.688440       2.000000
  80   --    -0.688416       2.000000
  81   --    -0.688410       2.000000
  82   --    -0.665458       2.000000
  83   --    -0.665417       2.000000
  84   --    -0.665384       2.000000
  85   --    -0.665314       2.000000
  86   --    -0.663964       2.000000
  87   --    -0.663945       2.000000
  88   --    -0.663906       2.000000
  89   --    -0.663871       2.000000
  90   --    -0.663842       2.000000
  91   --    -0.657079       2.000000
  92   --    -0.657065       2.000000
  93   --    -0.657052       2.000000
  94   --    -0.643593       2.000000
  95   --    -0.643530       2.000000
  96   --    -0.643510       2.000000
  97   --    -0.629555       2.000000
  98   --    -0.629548       2.000000
  99   --    -0.629544       2.000000
 100   --    -0.629538       2.000000
 101   --    -0.618204       2.000000
 102   --    -0.618192       2.000000
 103   --    -0.618158       2.000000
 104   --    -0.618154       2.000000
 105   --    -0.618150       2.000000
 106   --    -0.613003       2.000000
 107   --    -0.612959       2.000000
 108   --    -0.612843       2.000000
 109   --    -0.606144       2.000000
 110   --    -0.606134       2.000000
 111   --    -0.606115       2.000000
 112   --    -0.606075       2.000000
 113   --    -0.606040       2.000000
 114   --    -0.601432       2.000000
 115   --    -0.601419       2.000000
 116   --    -0.601406       2.000000
 117   --    -0.601398       2.000000
 118   --    -0.578132       2.000000
 119   --    -0.578112       2.000000
 120   --    -0.578093       2.000000
 121   --    -0.573043       2.000000
 122   --    -0.573033       2.000000
 123   --    -0.573023       2.000000
 124   --    -0.568439       2.000000
 125   --    -0.568423       2.000000
 126   --    -0.568383       2.000000
 127   --    -0.568362       2.000000
 128   --    -0.568349       2.000000
 129   --    -0.567673       2.000000
 130   --    -0.563812       2.000000
 131   --    -0.563776       2.000000
 132   --    -0.563762       2.000000
 133   --    -0.546291       2.000000
 134   --    -0.546288       2.000000
 135   --    -0.546269       2.000000
 136   --    -0.546256       2.000000
 137   --    -0.546215       2.000000
 138   --    -0.530219       2.000000
 139   --    -0.530187       2.000000
 140   --    -0.530177       2.000000
 141   --    -0.527188       2.000000
 142   --    -0.524127       2.000000
 143   --    -0.524111       2.000000
 144   --    -0.524108       2.000000
 145   --    -0.524105       2.000000
 146   --    -0.518498       2.000000
 147   --    -0.518470       2.000000
 148   --    -0.518449       2.000000
 149   --    -0.518445       2.000000
 150   --    -0.505675       2.000000
 151   --    -0.505641       2.000000
 152   --    -0.505606       2.000000
 153   --    -0.504309       2.000000
 154   --    -0.504291       2.000000
 155   --    -0.504233       2.000000
 156   --    -0.497616       2.000000
 157   --    -0.497599       2.000000
 158   --    -0.497581       2.000000
 159   --    -0.497561       2.000000
 160   --    -0.497546       2.000000
 161   --    -0.488637       2.000000
 162   --    -0.488620       2.000000
 163   --    -0.488599       2.000000
 164   --    -0.488582       2.000000
 165   --    -0.488571       2.000000
 166   --    -0.474686       2.000000
 167   --    -0.474671       2.000000
 168   --    -0.474659       2.000000
 169   --    -0.474646       2.000000
 170   --    -0.468229       2.000000
 171   --    -0.468215       2.000000
 172   --    -0.468193       2.000000
 173   --    -0.468179       2.000000
 174   --    -0.464467       2.000000
 175   --    -0.464442       2.000000
 176   --    -0.464425       2.000000
 177   --    -0.458283       2.000000
 178   --    -0.455156       2.000000
 179   --    -0.455112       2.000000
 180   --    -0.455051       2.000000
 181   --    -0.452051       2.000000
 182   --    -0.452017       2.000000
 183   --    -0.452009       2.000000
 184   --    -0.452001       2.000000
 185   --    -0.451978       2.000000
 186   --    -0.449433       2.000000
 187   --    -0.449421       2.000000
 188   --    -0.449411       2.000000
 189   --    -0.447786       2.000000
 190   --    -0.447771       2.000000
 191   --    -0.447729       2.000000
 192   --    -0.447700       2.000000
 193   --    -0.439909       2.000000
 194   --    -0.439907       2.000000
 195   --    -0.439897       2.000000
 196   --    -0.439885       2.000000
 197   --    -0.439879       2.000000
 198   --    -0.436557       2.000000
 199   --    -0.436543       2.000000
 200   --    -0.436532       2.000000
 201   --    -0.436479       2.000000
 202   --    -0.436468       2.000000
 203   --    -0.429800       2.000000
 204   --    -0.429788       2.000000
 205   --    -0.429777       2.000000
 206   --    -0.422217       2.000000
 207   --    -0.422201       2.000000
 208   --    -0.422183       2.000000
 209   --    -0.418094       2.000000
 210   --    -0.418066       2.000000
 211   --    -0.418013       2.000000
 212   --    -0.417972       2.000000
 213   --    -0.417740       2.000000
 214   --    -0.417689       2.000000
 215   --    -0.417671       2.000000
 216   --    -0.417634       2.000000
 217   --    -0.417624       2.000000
 218   --    -0.416165       2.000000
 219   --    -0.416161       2.000000
 220   --    -0.416135       2.000000
 221   --    -0.414312       2.000000
 222   --    -0.414311       2.000000
 223   --    -0.414299       2.000000
 224   --    -0.414292       2.000000
 225   --    -0.413467       2.000000
 226   --    -0.413459       2.000000
 227   --    -0.413444       2.000000
 228   --    -0.409953       2.000000
 229   --    -0.409929       2.000000
 230   --    -0.409915       2.000000
 231   --    -0.409902       2.000000
 232   --    -0.409891       2.000000
 233   --    -0.402800       2.000000
 234   --    -0.402781       2.000000
 235   --    -0.402761       2.000000
 236   --    -0.402714       2.000000
 237   --    -0.402654       2.000000
 238   --    -0.400224       2.000000
 239   --    -0.400215       2.000000
 240   --    -0.400201       2.000000
 241   --    -0.400173       2.000000
 242   --    -0.400159       2.000000
 243   --    -0.394181       2.000000
 244   --    -0.393045       2.000000
 245   --    -0.393029       2.000000
 246   --    -0.393019       2.000000
 247   --    -0.393018       2.000000
 248   --    -0.393000       2.000000
 249   --    -0.388882       2.000000
 250   --    -0.388880       2.000000
 251   --    -0.388874       2.000000
 252   --    -0.388871       2.000000
 253   --    -0.385507       2.000000
 254   --    -0.385432       2.000000
 255   --    -0.385410       2.000000
 256   --    -0.373785       2.000000
 257   --    -0.373777       2.000000
 258   --    -0.373771       2.000000
 259   --    -0.373753       2.000000
 260   --    -0.371354       2.000000
 261   --    -0.371339       2.000000
 262   --    -0.371330       2.000000
 263   --    -0.371322       2.000000
 264   --    -0.367075       2.000000
 265   --    -0.367064       2.000000
 266   --    -0.367058       2.000000
 267   --    -0.361596       2.000000
 268   --    -0.361578       2.000000
 269   --    -0.361505       2.000000
 270   --    -0.359755       2.000000
 271   --    -0.359751       2.000000
 272   --    -0.359739       2.000000
 273   --    -0.359393       2.000000
 274   --    -0.359381       2.000000
 275   --    -0.359372       2.000000
 276   --    -0.359353       2.000000
 277   --    -0.359336       2.000000
 278   --    -0.355805       2.000000
 279   --    -0.355798       2.000000
 280   --    -0.355764       2.000000
 281   --    -0.355752       2.000000
 282   --    -0.355736       2.000000
 283   --    -0.352165       2.000000
 284   --    -0.352131       2.000000
 285   --    -0.352091       2.000000
 286   --    -0.340640       2.000000
 287   --    -0.337262       2.000000
 288   --    -0.337230       2.000000
 289   --    -0.337208       2.000000
 290   --    -0.337199       2.000000
 291   --    -0.334862       2.000000
 292   --    -0.334831       2.000000
 293   --    -0.334780       2.000000
 294   --    -0.330893       2.000000
 295   --    -0.330878       2.000000
 296   --    -0.330849       2.000000
 297   --    -0.330827       2.000000
 298   --    -0.327894       2.000000
 299   --    -0.327878       2.000000
 300   --    -0.327868       2.000000
 301   --    -0.327853       2.000000
 302   --    -0.327847       2.000000
 303   --    -0.324278       2.000000
 304   --    -0.324263       2.000000
 305   --    -0.324226       2.000000
 306   --    -0.318099       2.000000
 307   --    -0.318082       2.000000
 308   --    -0.318074       2.000000
 309   --    -0.318056       2.000000
 310   --    -0.305693       2.000000
 311   --    -0.305678       2.000000
 312   --    -0.305632       2.000000
 313   --    -0.305622       2.000000
 314   --    -0.305590       2.000000
 315   --    -0.305237       2.000000
 316   --    -0.305205       2.000000
 317   --    -0.305187       2.000000
 318   --    -0.305143       2.000000
 319   --    -0.305104       2.000000
 320   --    -0.294773       2.000000
 321   --    -0.294747       2.000000
 322   --    -0.294730       2.000000
 323   --    -0.284972       2.000000
 324   --    -0.284961       2.000000
 325   --    -0.284957       2.000000
 326   --    -0.283629       2.000000
 327   --    -0.283617       2.000000
 328   --    -0.283608       2.000000
 329   --    -0.283596       2.000000
 330   --    -0.283573       2.000000
 331   --    -0.281884       2.000000
 332   --    -0.281873       2.000000
 333   --    -0.281857       2.000000
 334   --    -0.281837       2.000000
 335   --    -0.262479       2.000000
 336   --    -0.262445       2.000000
 337   --    -0.262431       2.000000
 338   --    -0.262378       2.000000
 339   --    -0.262369       2.000000
 340   --    -0.257731       2.000000
 341   --    -0.257712       2.000000
 342   --    -0.257697       2.000000
 343   --    -0.237577       2.000000
 344   --    -0.237570       2.000000
 345   --    -0.237552       2.000000
 346   --    -0.237546       2.000000
 347   --    -0.229841       2.000000
 348   --    -0.229818       2.000000
 349   --    -0.229781       2.000000
 350   --    -0.229726       2.000000
 351   --    -0.227853       2.000000
 352   --    -0.227844       2.000000
 353   --    -0.227810       2.000000
 354   --    -0.227773       2.000000
 355   --    -0.227768       2.000000
 356   --    -0.217366       2.000000
 357   --    -0.217353       2.000000
 358   --    -0.217317       2.000000
 359   --    -0.217288       2.000000
 360   --    -0.217264       2.000000

Energy [H]:
      Total       =     -1026.35178983
      Free        =     -1026.35178983
      -----------
      Ion-ion     =     20717.70611478
      Eigenvalues =      -365.07747857
      Hartree     =     21477.09476408
      Int[n*v_xc] =      -409.05894809
      Exchange    =      -273.38823454
      Correlation =       -39.46746098
      vanderWaals =         0.00000000
      Delta XC    =         0.00000000
      Entropy     =         0.00000000
      -TS         =         0.00000000
      Photon ex.  =         1.91108547
      Photon+Ion  =         0.00000000
      Kinetic     =       747.74272768
      External    =    -43657.95078629
      Non-local   =      -331.94878350
      Int[n*v_E]  =         0.00000000

Dipole:                 [b]          [Debye]
      <x> =    5.23877E-05      1.33156E-04
      <y> =    1.72816E-05      4.39255E-05
      <z> =   -8.00885E-05     -2.03565E-04
 
Convergence:
      abs_dens =  4.65831413E-08 ( 0.00000000E+00)
      rel_dens =  6.46988074E-11 ( 1.00000000E-06)
      abs_ev =  5.40353540E-09 ( 0.00000000E+00) [H]
      rel_ev =  1.48010647E-11 ( 0.00000000E+00)

Forces on the ions [H/b]
 Ion                        x              y              z
   1         C   0.162027E-04   0.462524E-05  -0.444059E-06
   2         C   0.221312E-04  -0.555773E-05  -0.435677E-06
   3         C   0.248026E-04  -0.156344E-04  -0.332240E-05
   4         C   0.894460E-05  -0.725321E-05  -0.346306E-05
   5         C   0.549674E-06   0.552426E-05   0.403379E-05
   6         C   0.222669E-04   0.405334E-04   0.101545E-04
   7         C   0.370090E-04   0.462860E-04   0.167331E-04
   8         C   0.254376E-04   0.380904E-04   0.632613E-05
   9         C   0.176390E-04   0.434531E-04  -0.199222E-05
  10         C   0.152334E-04   0.400901E-04   0.636228E-05
  11         C   0.235539E-04   0.697937E-05  -0.101834E-04
  12         C   0.392180E-04   0.122434E-04   0.900452E-05
  13         C   0.455300E-04   0.211178E-04   0.675199E-05
  14         C   0.287113E-04   0.259399E-04  -0.900460E-06
  15         C   0.109768E-04   0.180442E-04  -0.144962E-04
  16         C   0.143708E-04  -0.310076E-04  -0.274043E-04
  17         C   0.250870E-04  -0.358217E-04  -0.231980E-04
  18         C   0.183603E-04  -0.404877E-05  -0.170801E-04
  19         C  -0.506865E-05   0.351678E-05  -0.327836E-04
  20         C  -0.627018E-06   0.661573E-05  -0.335218E-04
  21         C  -0.466063E-05  -0.160397E-04   0.476595E-05
  22         C   0.960145E-05  -0.180370E-04  -0.684356E-05
  23         C   0.139872E-04  -0.340030E-04  -0.128715E-04
  24         C   0.980151E-05  -0.433271E-04  -0.110083E-04
  25         C  -0.317937E-05  -0.222651E-04  -0.103754E-04
  26         C   0.108878E-04   0.258342E-04   0.136356E-04
  27         C   0.120968E-04   0.208592E-04   0.134557E-04
  28         C   0.636372E-05   0.856835E-05   0.117087E-04
  29         C   0.103775E-05   0.408614E-05   0.100524E-04
  30         C  -0.299910E-05   0.112143E-04   0.128578E-04
  31         C  -0.301119E-04  -0.986836E-05  -0.885282E-05
  32         C  -0.190955E-04  -0.105603E-04   0.458305E-05
  33         C  -0.213743E-04  -0.982141E-05   0.889949E-05
  34         C  -0.193631E-04   0.250751E-05   0.136609E-04
  35         C  -0.200827E-04  -0.134240E-04   0.161624E-06
  36         C  -0.299630E-04  -0.771913E-04  -0.205090E-04
  37         C  -0.242700E-04  -0.522200E-04  -0.172877E-04
  38         C  -0.344645E-04  -0.549149E-04  -0.168509E-04
  39         C  -0.591374E-04  -0.758018E-04  -0.740432E-05
  40         C  -0.390802E-04  -0.827247E-04  -0.204693E-04
  41         C   0.439827E-05   0.628716E-05  -0.131767E-04
  42         C   0.215939E-05   0.457319E-05   0.611266E-05
  43         C  -0.963348E-05   0.403032E-05   0.847725E-05
  44         C  -0.120615E-04   0.521432E-05  -0.170640E-04
  45         C   0.552805E-05   0.874712E-05  -0.307733E-04
  46         C   0.235346E-05   0.121784E-04  -0.242117E-06
  47         C  -0.872755E-05   0.229201E-04  -0.279983E-05
  48         C  -0.183978E-04   0.298641E-04   0.553214E-05
  49         C  -0.242261E-04   0.203277E-04   0.303283E-05
  50         C  -0.880338E-08   0.133896E-04  -0.792537E-05
  51         C  -0.160120E-04   0.363675E-04  -0.799014E-06
  52         C  -0.170063E-04   0.344231E-04   0.436235E-05
  53         C  -0.287518E-04   0.264556E-04   0.638641E-05
  54         C  -0.228565E-04   0.302675E-04   0.137824E-04
  55         C  -0.104272E-04   0.365006E-04   0.101373E-04
  56         C   0.392603E-05  -0.546992E-05   0.350133E-04
  57         C  -0.242493E-06  -0.194994E-04   0.249897E-04
  58         C  -0.138891E-04  -0.720732E-05   0.323604E-04
  59         C  -0.970421E-05  -0.932433E-05   0.407139E-04
  60         C   0.228309E-05   0.107878E-05   0.424361E-04
  61         C   0.357586E-04   0.234438E-04   0.555233E-05
  62         C   0.392723E-04   0.200841E-04   0.652712E-06
  63         C   0.152678E-04   0.135171E-04   0.278556E-04
  64         C   0.543869E-04   0.222467E-04  -0.237360E-05
  65         C   0.262786E-04   0.194409E-04   0.185478E-04
  66         C   0.495680E-04   0.214924E-04   0.160482E-04
  67         C   0.332867E-04  -0.815340E-05   0.406137E-05
  68         C   0.169608E-04   0.997731E-05  -0.364384E-04
  69         C   0.167334E-04  -0.861774E-06  -0.300818E-05
  70         C   0.467564E-04  -0.939235E-06  -0.105746E-04
  71         C   0.247803E-04  -0.367006E-05   0.140786E-04
  72         C   0.217994E-04   0.953113E-05  -0.105494E-04
  73         C   0.186591E-04  -0.225953E-04  -0.212641E-04
  74         C   0.211480E-04  -0.245160E-04  -0.110516E-04
  75         C   0.881188E-05  -0.290522E-04   0.913039E-05
  76         C   0.389899E-04  -0.242258E-04  -0.197892E-04
  77         C   0.226702E-04  -0.328136E-04  -0.536621E-05
  78         C   0.274683E-04  -0.294470E-04   0.106965E-05
  79         C  -0.104379E-04  -0.560795E-06   0.393566E-05
  80         C   0.253819E-05  -0.123644E-05   0.390894E-04
  81         C  -0.265919E-04  -0.116865E-04   0.298249E-04
  82         C   0.113939E-04   0.453199E-07   0.140039E-04
  83         C  -0.155077E-04  -0.110409E-04   0.513454E-05
  84         C   0.197765E-05  -0.823850E-05   0.329605E-04
  85         C  -0.900159E-05   0.691216E-05   0.991875E-05
  86         C   0.762052E-07  -0.259341E-05   0.318040E-04
  87         C  -0.226942E-04   0.130403E-04   0.357691E-04
  88         C   0.148612E-04   0.882104E-05   0.204384E-04
  89         C  -0.128000E-04   0.144617E-04   0.203761E-04
  90         C   0.791517E-05   0.113440E-04   0.335280E-04
  91         C   0.125192E-04   0.259614E-04  -0.646392E-05
  92         C   0.932713E-05   0.646025E-06  -0.560019E-04
  93         C   0.156843E-04  -0.714210E-05  -0.114131E-04
  94         C   0.866310E-05   0.197207E-04  -0.140660E-04
  95         C   0.163699E-04   0.135897E-04   0.133612E-04
  96         C   0.159045E-04   0.553252E-06  -0.189131E-04
  97         C   0.863623E-05   0.526199E-05   0.463755E-06
  98         C   0.131912E-04   0.814747E-05   0.312212E-04
  99         C  -0.100522E-04   0.159758E-05   0.290142E-04
 100         C   0.617822E-05   0.268797E-04   0.177782E-04
 101         C  -0.103707E-04   0.256961E-04   0.151962E-04
 102         C  -0.116493E-04   0.178483E-04   0.271243E-04
 103         C  -0.547966E-05   0.257952E-05  -0.248225E-04
 104         C   0.623885E-05   0.138007E-04  -0.393549E-05
 105         C  -0.677926E-05   0.104508E-04   0.136385E-04
 106         C   0.889068E-05   0.157863E-04  -0.513818E-05
 107         C  -0.110753E-04   0.188423E-04   0.145994E-04
 108         C   0.416030E-06   0.237813E-04   0.260987E-04
 109         C  -0.135421E-04   0.328242E-04  -0.432721E-04
 110         C   0.143419E-05   0.507995E-04  -0.728353E-04
 111         C  -0.155609E-05   0.129000E-04  -0.702317E-04
 112         C  -0.155295E-04   0.373367E-04  -0.469607E-04
 113         C  -0.288511E-05   0.660479E-05  -0.490096E-04
 114         C   0.166348E-04   0.101975E-04  -0.571803E-04
 115         C  -0.866253E-05   0.237902E-04  -0.589770E-04
 116         C   0.114224E-04   0.558030E-05  -0.317210E-04
 117         C  -0.107403E-04  -0.104628E-04  -0.579960E-04
 118         C   0.462354E-05   0.125997E-04  -0.238903E-04
 119         C  -0.139837E-04   0.602464E-06  -0.440124E-04
 120         C   0.208027E-05  -0.191110E-04  -0.300035E-04
 121         C   0.276199E-05  -0.321037E-04  -0.217427E-04
 122         C   0.644721E-05  -0.403504E-04  -0.124838E-04
 123         C   0.175409E-05  -0.176336E-04  -0.494587E-04
 124         C  -0.837993E-06  -0.482347E-04  -0.528285E-06
 125         C  -0.413044E-05  -0.383220E-04  -0.318896E-04
 126         C   0.387626E-05  -0.575622E-04  -0.222809E-04
 127         C  -0.121965E-04   0.228531E-04  -0.390342E-04
 128         C   0.146068E-04   0.260071E-04  -0.574280E-04
 129         C  -0.192123E-04   0.501633E-04  -0.840262E-04
 130         C   0.747417E-05   0.380525E-05  -0.301065E-04
 131         C  -0.227067E-04   0.289452E-04  -0.591648E-04
 132         C   0.839165E-05   0.263932E-04  -0.777419E-04
 133         C  -0.172339E-04   0.504644E-05   0.418322E-04
 134         C   0.151004E-04  -0.601257E-05   0.716655E-04
 135         C   0.722133E-05   0.199828E-04   0.593122E-04
 136         C  -0.272805E-05  -0.469507E-05   0.402056E-04
 137         C  -0.825121E-05   0.193836E-05   0.350137E-04
 138         C   0.115198E-04   0.134901E-05   0.589080E-04
 139         C  -0.233325E-04  -0.291456E-04  -0.699906E-05
 140         C  -0.125143E-04  -0.459141E-04   0.539101E-05
 141         C  -0.962248E-05  -0.253227E-05   0.524032E-04
 142         C  -0.235127E-04  -0.566081E-04  -0.197058E-04
 143         C  -0.204516E-04  -0.289995E-04   0.223115E-04
 144         C  -0.322606E-05  -0.336398E-04   0.383945E-04
 145         C  -0.723640E-05  -0.312328E-05   0.310064E-04
 146         C   0.210100E-04  -0.429546E-05   0.394878E-04
 147         C   0.564790E-05   0.540934E-05   0.728458E-04
 148         C  -0.408421E-05   0.101468E-04   0.238079E-04
 149         C  -0.163687E-04   0.115635E-04   0.406346E-04
 150         C   0.547444E-05   0.121438E-04   0.658637E-04
 151         C  -0.338289E-04  -0.326033E-04  -0.250513E-04
 152         C  -0.401139E-04  -0.343520E-04   0.945958E-05
 153         C  -0.729075E-05  -0.197697E-04   0.168546E-04
 154         C  -0.630255E-04  -0.549980E-04  -0.887297E-05
 155         C  -0.262996E-04  -0.391051E-04  -0.652969E-05
 156         C  -0.190260E-04  -0.380421E-04   0.328668E-04
 157         C  -0.106507E-04  -0.103524E-04  -0.274964E-05
 158         C  -0.652681E-05   0.212533E-04  -0.398293E-04
 159         C   0.113831E-04  -0.696137E-06  -0.298798E-04
 160         C  -0.181461E-04  -0.172580E-04  -0.139990E-04
 161         C   0.562172E-05  -0.322539E-04  -0.173652E-04
 162         C  -0.250910E-05  -0.286238E-05  -0.412651E-04
 163         C   0.716648E-05   0.112789E-04  -0.130258E-04
 164         C  -0.192811E-04   0.104785E-04  -0.257628E-04
 165         C  -0.326933E-05   0.473108E-06   0.440406E-05
 166         C  -0.145853E-04   0.655142E-05  -0.605249E-05
 167         C  -0.197569E-05  -0.483065E-05   0.131834E-04
 168         C  -0.180167E-04  -0.124179E-04   0.320286E-05
 169         C  -0.132820E-04   0.126005E-04  -0.765438E-05
 170         C  -0.117356E-04   0.916454E-05   0.344655E-05
 171         C  -0.134604E-05   0.133113E-04   0.248767E-04
 172         C  -0.255905E-04   0.144437E-04   0.318698E-05
 173         C  -0.985866E-05   0.168903E-04   0.199273E-04
 174         C  -0.235207E-04   0.124594E-04   0.261746E-04
 175         C  -0.318312E-05  -0.332007E-05   0.657091E-05
 176         C  -0.283971E-05   0.190480E-05   0.496486E-04
 177         C   0.498602E-05  -0.947980E-06   0.200765E-04
 178         C  -0.237981E-04   0.723162E-05   0.252021E-04
 179         C  -0.625630E-05   0.115433E-04   0.116082E-04
 180         C  -0.654977E-05   0.941104E-05   0.442541E-04
 ----------------------------------------------------------
 Max abs force   0.630255E-04   0.827247E-04   0.840262E-04
   Total force  -0.844711E-05   0.198818E-04  -0.957804E-05
  Total torque   0.631338E-02   0.617657E-02   0.250960E-02
