0.000000000000000000e+00 -4.639713283099821410e+02 -2.077887187618898679e-02 3.306641217803729660e-02 -4.639713283099821410e+02 -2.370509455456470960e-02 3.989316911399498622e-02 -4.639713283099821410e+02 -2.077887187594384955e-02 3.306648371802367592e-02 -4.639713283099821410e+02 -2.370509455450076075e-02 3.943746406990555897e-02 -4.639713283099821410e+02 -2.077887187592253326e-02 3.308145840427201279e-02 -4.639713283099821410e+02 -2.370509455433733592e-02 2.165541011773086666e-02
1.000000000000000056e-01 -4.639714004240664735e+02 -2.077450324031815398e-02 3.306832058301978350e-02 -4.639714004240664735e+02 -2.370202926963571599e-02 3.989640815730766121e-02 -4.639714004240664735e+02 -2.077450324022933614e-02 3.306700026917397395e-02 -4.639714004240664735e+02 -2.370202926967124313e-02 3.943825071860374010e-02 -4.639714004240664735e+02 -2.077450324020446715e-02 3.308003223030553386e-02 -4.639714004240664735e+02 -2.370202926976006097e-02 2.165449030368904459e-02
2.000000000000000111e-01 -4.639716172541582182e+02 -2.076151197048758945e-02 3.307428758818531378e-02 -4.639716172541582182e+02 -2.369294939055777149e-02 3.990641986984044820e-02 -4.639716172541582182e+02 -2.076151197033127005e-02 3.306880366018560835e-02 -4.639716172541582182e+02 -2.369294939066790562e-02 3.944093074589716252e-02 -4.639716172541582182e+02 -2.076151197026376849e-02 3.307602577881141315e-02 -4.639716172541582182e+02 -2.369294939049382265e-02 2.165187881749730536e-02
2.999999999999999889e-01 -4.639719752240547450e+02 -2.074011117568375084e-02 3.308472257915084924e-02 -4.639719752240547450e+02 -2.367806559747975825e-02 3.992368921524303005e-02 -4.639719752240547450e+02 -2.074011117547058802e-02 3.307233845654167226e-02 -4.639719752240547450e+02 -2.367806559727370086e-02 3.944606932304850488e-02 -4.639719752240547450e+02 -2.074011117580809582e-02 3.306992245127915453e-02 -4.639719752240547450e+02 -2.367806559748686368e-02 2.164784967986221886e-02
4.000000000000000222e-01 -4.639724586638321853e+02 -2.071038702365157746e-02 3.309967182910966699e-02 -4.639724586638321853e+02 -2.365744604126618356e-02 3.994821743814469528e-02 -4.639724586638321853e+02 -2.071038702382566044e-02 3.307770767231943410e-02 -4.639724586638321853e+02 -2.365744604124841999e-02 3.945381322580487904e-02 -4.639724586638321853e+02 -2.071038702355565420e-02 3.306185857993426680e-02 -4.639724586638321853e+02 -2.365744604106367888e-02 2.164251720500942611e-02
5.000000000000000000e-01 -4.639730385199534339e+02 -2.067223335554757568e-02 3.311867141548319182e-02 -4.639730385199534339e+02 -2.363094764404749526e-02 3.997934020987159442e-02 -4.639730385199534339e+02 -2.067223335543033613e-02 3.308452294569974583e-02 -4.639730385199534339e+02 -2.363094764426421079e-02 3.946369908691949036e-02 -4.639730385199534339e+02 -2.067223335561507724e-02 3.305146679453230263e-02 -4.639730385199534339e+02 -2.363094764407946968e-02 2.163575353649704880e-02
5.999999999999999778e-01 -4.639736826828229823e+02 -2.062553213975704125e-02 3.314118112596986521e-02 -4.639736826828229823e+02 -2.359840687777747803e-02 4.001628785863431403e-02 -4.639736826828229823e+02 -2.062553213960072185e-02 3.309233492807095445e-02 -4.639736826828229823e+02 -2.359840687800129899e-02 3.947518134752314722e-02 -4.639736826828229823e+02 -2.062553213961137999e-02 3.303832798657424519e-02 -4.639736826828229823e+02 -2.359840687791603386e-02 2.162741464801953839e-02
6.999999999999999556e-01 -4.639743643423952335e+02 -2.057029308212676710e-02 3.316690853369053116e-02 -4.639743643423952335e+02 -2.355978755008081293e-02 4.005861093409635032e-02 -4.639743643423952335e+02 -2.057029308200597484e-02 3.310095375558574915e-02 -4.639743643423952335e+02 -2.355978755032239746e-02 3.948802205214363426e-02 -4.639743643423952335e+02 -2.057029308204860740e-02 3.302230752414558879e-02 -4.639743643423952335e+02 -2.355978755017318349e-02 2.161750691771047173e-02
8.000000000000000444e-01 -4.639750605820644296e+02 -2.050659269739796287e-02 3.319565842442173675e-02 -4.639750605820644296e+02 -2.351511651234616807e-02 4.010599252627500277e-02 -4.639750605820644296e+02 -2.050659269733756673e-02 3.311029666511444702e-02 -4.639750605820644296e+02 -2.351511651217919052e-02 3.950210055077008064e-02 -4.639750605820644296e+02 -2.050659269747612257e-02 3.300339512636440986e-02 -4.639750605820644296e+02 -2.351511651226090294e-02 2.160610133783080755e-02
9.000000000000000222e-01 -4.639757495867883108e+02 -2.043449323048207589e-02 3.322714361571499353e-02 -4.639757495867883108e+02 -2.346439665024746546e-02 4.015800155694648765e-02 -4.639757495867883108e+02 -2.043449323046431232e-02 3.312020017200012489e-02 -4.639757495867883108e+02 -2.346439665042865386e-02 3.951718748869481601e-02 -4.639757495867883108e+02 -2.043449323051760302e-02 3.298150797641596910e-02 -4.639757495867883108e+02 -2.346439665013377862e-02 2.159322927697715500e-02
1.000000000000000000e+00 -4.639764108111297674e+02 -2.035404671136120669e-02 3.326097693632235064e-02 -4.639764108111297674e+02 -2.340761142388814164e-02 4.021407076679039960e-02 -4.639764108111297674e+02 -2.035404671152107881e-02 3.313041598815757993e-02 -4.639764108111297674e+02 -2.340761142389879979e-02 3.953295684287283507e-02 -4.639764108111297674e+02 -2.035404671185858660e-02 3.295648398713169058e-02 -4.639764108111297674e+02 -2.340761142388458893e-02 2.157887543665992780e-02
1.100000000000000089e+00 -4.639770271247034543e+02 -2.026535570810494846e-02 3.329678074730324511e-02 -4.639770271247034543e+02 -2.334478958514552005e-02 4.027363152156482329e-02 -4.639770271247034543e+02 -2.026535570776744066e-02 3.314072275064816608e-02 -4.639770271247034543e+02 -2.334478958531960302e-02 3.954913682218830218e-02 -4.639770271247034543e+02 -2.026535570804099962e-02 3.292819609942299053e-02 -4.639770271247034543e+02 -2.334478958514196734e-02 2.156303297783779271e-02
1.199999999999999956e+00 -4.639775851913771021e+02 -2.016858225705320251e-02 3.333419655657010594e-02 -4.639775851913771021e+02 -2.327601083654329273e-02 4.033613408099512299e-02 -4.639775851913771021e+02 -2.016858225704964980e-02 3.315093111482170229e-02 -4.639775851913771021e+02 -2.327601083677421911e-02 3.956550636430833379e-02 -4.639775851913771021e+02 -2.016858225708162422e-02 3.289656011631691968e-02 -4.639775851913771021e+02 -2.327601083659658343e-02 2.154570515711284884e-02
1.300000000000000044e+00 -4.639780769897819255e+02 -2.006394594865668068e-02 3.337290351442945280e-02 -4.639780769897819255e+02 -2.320139638799290083e-02 4.040108407749087860e-02 -4.639780769897819255e+02 -2.006394594833693645e-02 3.316089473219108186e-02 -4.639780769897819255e+02 -2.320139638805684967e-02 3.958188727754929914e-02 -4.639780769897819255e+02 -2.006394594840799073e-02 3.286155282813041367e-02 -4.639780769897819255e+02 -2.320139638809237681e-02 2.152691258651628914e-02
1.399999999999999911e+00 -4.639785017119161239e+02 -1.995175716825414725e-02 3.341270053341816038e-02 -4.639785017119161239e+02 -2.312114077065530182e-02 4.046815103828294014e-02 -4.639785017119161239e+02 -1.995175716823993639e-02 3.317059072924521956e-02 -4.639785017119161239e+02 -2.312114077090754449e-02 3.959823999642964054e-02 -4.639785017119161239e+02 -1.995175716836428137e-02 3.282329862001631682e-02 -4.639785017119161239e+02 -2.312114077082583208e-02 2.150673624717569510e-02
1.500000000000000000e+00 -4.639788623659376299e+02 -1.983240053119317281e-02 3.345343431829661540e-02 -4.639788623659376299e+02 -2.303549686227057691e-02 4.053707341518730800e-02 -4.639788623659376299e+02 -1.983240053126422708e-02 3.318004981948874388e-02 -4.639788623659376299e+02 -2.303549686238426375e-02 3.961458649567006773e-02 -4.639788623659376299e+02 -1.983240053110080225e-02 3.278199283096583372e-02 -4.639788623659376299e+02 -2.303549686237005290e-02 2.148527917104559037e-02
1.600000000000000089e+00 -4.639791627296826846e+02 -1.970630283956964490e-02 3.349491602160625803e-02 -4.639791627296826846e+02 -2.294474529847434496e-02 4.060754624622830988e-02 -4.639791627296826846e+02 -1.970630283965491003e-02 3.318927255108405916e-02 -4.639791627296826846e+02 -2.294474529849210853e-02 3.963091359853621043e-02 -4.639791627296826846e+02 -1.970630283935648208e-02 3.273781070344128352e-02 -4.639791627296826846e+02 -2.294474529831092013e-02 2.146262137610221998e-02
1.699999999999999956e+00 -4.639794069316897094e+02 -1.957392716020933676e-02 3.353692576516564827e-02 -4.639794069316897094e+02 -2.284919110245553497e-02 4.067922107008570265e-02 -4.639794069316897094e+02 -1.957392716013117706e-02 3.319823178626890581e-02 -4.639794069316897094e+02 -2.284919110248040397e-02 3.964717913560988904e-02 -4.639794069316897094e+02 -1.957392716025552204e-02 3.269090825726550520e-02 -4.639794069316897094e+02 -2.284919110258698538e-02 2.143882182032896822e-02
1.800000000000000044e+00 -4.639796000379865291e+02 -1.943577518434835838e-02 3.357924081897678548e-02 -4.639796000379865291e+02 -2.274916876731936100e-02 4.075174407343951088e-02 -4.639796000379865291e+02 -1.943577518422756611e-02 3.320689788589703539e-02 -4.639796000379865291e+02 -2.274916876741883698e-02 3.966333862816995293e-02 -4.639796000379865291e+02 -1.943577518422046069e-02 3.264144826118098308e-02 -4.639796000379865291e+02 -2.274916876723409587e-02 2.141393365845800645e-02
1.899999999999999911e+00 -4.639797492523653091e+02 -1.929239343023070319e-02 3.362167208000954588e-02 -4.639797492523653091e+02 -2.264505205721079051e-02 4.082480727075221694e-02 -4.639797492523653091e+02 -1.929239343003175122e-02 3.321527237024923807e-02 -4.639797492523653091e+02 -2.264505205715749980e-02 3.967938159840400658e-02 -4.639797492523653091e+02 -1.929239343022004505e-02 3.258963487677490889e-02 -4.639797492523653091e+02 -2.264505205736355720e-02 2.138802425929142714e-02
2.000000000000000000e+00 -4.639798649111064606e+02 -1.914438699779452691e-02 3.366412519322281582e-02 -4.639798649111064606e+02 -2.253727318873544050e-02 4.089822790973940414e-02 -4.639798649111064606e+02 -1.914438699774478891e-02 3.322344526938181275e-02 -4.639798649111064606e+02 -2.253727318883846920e-02 3.969540041619978865e-02 -4.639798649111064606e+02 -1.914438699788689746e-02 3.253577165749632627e-02 -4.639798649111064606e+02 -2.253727318862530637e-02 2.136120701827692869e-02
2.100000000000000089e+00 -4.639799596602592828e+02 -1.899240568242532845e-02 3.370660997354946176e-02 -4.639799596602592828e+02 -2.242631162594577177e-02 4.097196044407169779e-02 -4.639799596602592828e+02 -1.899240568235072146e-02 3.323160088432786097e-02 -4.639799596602592828e+02 -2.242631162603458961e-02 3.971159429098847227e-02 -4.639799596602592828e+02 -1.899240568236493232e-02 3.248026630756228883e-02 -4.639799596602592828e+02 -2.242631162606301132e-02 2.133364611860599780e-02
2.200000000000000178e+00 -4.639800435263056215e+02 -1.883706186038125452e-02 3.374905354425905557e-02 -4.639800435263056215e+02 -2.231261107422355394e-02 4.104584895798524258e-02 -4.639800435263056215e+02 -1.883706186039901809e-02 3.323983494848903320e-02 -4.639800435263056215e+02 -2.231261107401394383e-02 3.972805066753437586e-02 -4.639800435263056215e+02 -1.883706186018230255e-02 3.242343645548118047e-02 -4.639800435263056215e+02 -2.231261107412763067e-02 2.130546137465572087e-02
2.299999999999999822e+00 -4.639801216932137322e+02 -1.867889769661346122e-02 3.379121102661031273e-02 -4.639801216932137322e+02 -2.219655059114700180e-02 4.111950060593017042e-02 -4.639801216932137322e+02 -1.867889769638964026e-02 3.324807078222136170e-02 -4.639801216932137322e+02 -2.219655059106528938e-02 3.974465755666045652e-02 -4.639801216932137322e+02 -1.867889769664543564e-02 3.236541624363908909e-02 -4.639801216932137322e+02 -2.219655059101555139e-02 2.127668411565508677e-02
2.399999999999999911e+00 -4.639801979326859964e+02 -1.851844886141407187e-02 3.383284425586197131e-02 -4.639801979326859964e+02 -2.207851590638298944e-02 4.119251598186224328e-02 -4.639801979326859964e+02 -1.851844886137854473e-02 3.325623467683769263e-02 -4.639801979326859964e+02 -2.207851590664233754e-02 3.976132275455412923e-02 -4.639801979326859964e+02 -1.851844886141762458e-02 3.230633624119505498e-02 -4.639801979326859964e+02 -2.207851590641851658e-02 2.124734995116739356e-02
2.500000000000000000e+00 -4.639802779673956366e+02 -1.835629341327305042e-02 3.387388706150673556e-02 -4.639802779673956366e+02 -2.195895064105002348e-02 4.126471786486973770e-02 -4.639802779673956366e+02 -1.835629341321620700e-02 3.326441222315779100e-02 -4.639802779673956366e+02 -2.195895064074449010e-02 3.977815029704956373e-02 -4.639802779673956366e+02 -1.835629341313094187e-02 3.224648773528926426e-02 -4.639802779673956366e+02 -2.195895064068764668e-02 2.121758256473782467e-02
2.600000000000000089e+00 -4.639803685376004978e+02 -1.819301734271050464e-02 3.391437873532154867e-02 -4.639803685376004978e+02 -2.183831659910850931e-02 4.133607751272094788e-02 -4.639803685376004978e+02 -1.819301734268563564e-02 3.327277924351790261e-02 -4.639803685376004978e+02 -2.183831659917956358e-02 3.979534109528160002e-02 -4.639803685376004978e+02 -1.819301734267853021e-02 3.218625321833457065e-02 -4.639803685376004978e+02 -2.183831659906232403e-02 2.118755933067362207e-02
2.700000000000000178e+00 -4.639804728751970515e+02 -1.802913679460971252e-02 3.395425963071474484e-02 -4.639804728751970515e+02 -2.171700994680492158e-02 4.140644570638940536e-02 -4.639804728751970515e+02 -1.802913679453510554e-02 3.328140385195510476e-02 -4.639804728751970515e+02 -2.171700994687952857e-02 3.981295444501142811e-02 -4.639804728751970515e+02 -1.802913679460260710e-02 3.212589892437023309e-02 -4.639804728751970515e+02 -2.171700994684044872e-02 2.115740734654281141e-02
2.799999999999999822e+00 -4.639805900648984789e+02 -1.786509982829542764e-02 3.399337805858593242e-02 -4.639805900648984789e+02 -2.159536566991704376e-02 4.147555543307390735e-02 -4.639805900648984789e+02 -1.786509982817463538e-02 3.329025543570196533e-02 -4.639805900648984789e+02 -2.159536566976782979e-02 3.983093023029837809e-02 -4.639805900648984789e+02 -1.786509982818529352e-02 3.206557915775576362e-02 -4.639805900648984789e+02 -2.159536566979625150e-02 2.112720554044145160e-02
2.899999999999999911e+00 -4.639807181101321021e+02 -1.770133585536726173e-02 3.403162998150932594e-02 -4.639807181101321021e+02 -2.147371137104769900e-02 4.154320173730852161e-02 -4.639807181101321021e+02 -1.770133585534949816e-02 3.329934160143821487e-02 -4.639807181101321021e+02 -2.147371137105835714e-02 3.984926145264466868e-02 -4.639807181101321021e+02 -1.770133585545963228e-02 3.200547690435584514e-02 -4.639807181101321021e+02 -2.147371137114362227e-02 2.109705460252087050e-02
3.000000000000000000e+00 -4.639808547966779315e+02 -1.753824367122192029e-02 3.406893428809354418e-02 -4.639808547966779315e+02 -2.135235131625634608e-02 4.160920424846281662e-02 -4.639808547966779315e+02 -1.753824367116862959e-02 3.330868600943759361e-02 -4.639808547966779315e+02 -2.135235131627410965e-02 3.986796967393502200e-02 -4.639808547966779315e+02 -1.753824367118994587e-02 3.194578342796816628e-02 -4.639808547966779315e+02 -2.135235131632384764e-02 2.106706516088863168e-02
3.100000000000000089e+00 -4.639809977431605148e+02 -1.737617100386046332e-02 3.410516471025104579e-02 -4.639809977431605148e+02 -2.123154082790179586e-02 4.167332009631863343e-02 -4.639809977431605148e+02 -1.737617100350874466e-02 3.331826301696239057e-02 -4.639809977431605148e+02 -2.123154082789824315e-02 3.988702169652924567e-02 -4.639809977431605148e+02 -1.737617100354427180e-02 3.188663350277209929e-02 -4.639809977431605148e+02 -2.123154082808298426e-02 2.103732358803256375e-02
3.200000000000000178e+00 -4.639811448839604964e+02 -1.721545008582836545e-02 3.414021826571556062e-02 -4.639811448839604964e+02 -2.111152444636843484e-02 4.173535032286679325e-02 -4.639811448839604964e+02 -1.721545008587099801e-02 3.332806158565659871e-02 -4.639811448839604964e+02 -2.111152444604869061e-02 3.990639676122142987e-02 -4.639811448839604964e+02 -1.721545008587099801e-02 3.182817120848113746e-02 -4.639811448839604964e+02 -2.111152444636843484e-02 2.100792385889249658e-02
3.299999999999999822e+00 -4.639812937932705381e+02 -1.705640784356887707e-02 3.417404483819552752e-02 -4.639812937932705381e+02 -2.099254858416088609e-02 4.179518640678026031e-02 -4.639812937932705381e+02 -1.705640784355821893e-02 3.333811249701668089e-02 -4.639812937932705381e+02 -2.099254858431010007e-02 3.992611744669360974e-02 -4.639812937932705381e+02 -1.705640784346229566e-02 3.177057498899316101e-02 -4.639812937932705381e+02 -2.099254858427457293e-02 2.097897858656239123e-02
3.399999999999999911e+00 -4.639814413984291832e+02 -1.689933857903369585e-02 3.420659472412879154e-02 -4.639814413984291832e+02 -2.087483181945160027e-02 4.185273289044033618e-02 -4.639814413984291832e+02 -1.689933857900527414e-02 3.334843892756111927e-02 -4.639814413984291832e+02 -2.087483181960791967e-02 3.994619606043769977e-02 -4.639814413984291832e+02 -1.689933857921843696e-02 3.171400528970380606e-02 -4.639814413984291832e+02 -2.087483181960436696e-02 2.095059067515236961e-02
3.500000000000000000e+00 -4.639815844927153421e+02 -1.674448471992917575e-02 3.423775879528179189e-02 -4.639815844927153421e+02 -2.075854015105349504e-02 4.190781817035471590e-02 -4.639815844927153421e+02 -1.674448471984746334e-02 3.335900032536898152e-02 -4.639815844927153421e+02 -2.075854015079059423e-02 3.996656898243600153e-02 -4.639815844927153421e+02 -1.674448471991851761e-02 3.165855063517852841e-02 -4.639815844927153421e+02 -2.075854015096822991e-02 2.092282457733674050e-02
3.600000000000000089e+00 -4.639817199938794374e+02 -1.659205475906944116e-02 3.426739164901704271e-02 -4.639817199938794374e+02 -2.064380555670908279e-02 4.196021903220881200e-02 -4.639817199938794374e+02 -1.659205475888825276e-02 3.336971598425364505e-02 -4.639817199938794374e+02 -2.064380555684053320e-02 3.998712951343819100e-02 -4.639817199938794374e+02 -1.659205475905878302e-02 3.160425304174552252e-02 -4.639817199938794374e+02 -2.064380555680500606e-02 2.089571816966540041e-02
3.700000000000000178e+00 -4.639818456369143860e+02 -1.644224998180021657e-02 3.429535984694709327e-02 -4.639818456369143860e+02 -2.053075541318349906e-02 4.200972547385006806e-02 -4.639818456369143860e+02 -1.644224998183574371e-02 3.338051146812759384e-02 -4.639818456369143860e+02 -2.053075541321192077e-02 4.000778556062201119e-02 -4.639818456369143860e+02 -1.644224998164034446e-02 3.155115523238549713e-02 -4.639818456369143860e+02 -2.053075541332205489e-02 2.086930598778735657e-02
3.799999999999999822e+00 -4.639819604881149644e+02 -1.629530075786078669e-02 3.432162756070411547e-02 -4.639819604881149644e+02 -2.041955203106127215e-02 4.205627487866081538e-02 -4.639819604881149644e+02 -1.629530075791763011e-02 3.339139610767816180e-02 -4.639819604881149644e+02 -2.041955203118561712e-02 4.002853835554986972e-02 -4.639819604881149644e+02 -1.629530075777552156e-02 3.149937993441298545e-02 -4.639819604881149644e+02 -2.041955203099021787e-02 2.084365888018524515e-02
3.899999999999999911e+00 -4.639820640418552102e+02 -1.615145622847791174e-02 3.434625195459872771e-02 -4.639820640418552102e+02 -2.031038198174073273e-02 4.209995288222145859e-02 -4.639820640418552102e+02 -1.615145622836777761e-02 3.340245608326597448e-02 -4.639820640418552102e+02 -2.031038198176915444e-02 4.004946945766363342e-02 -4.639820640418552102e+02 -1.615145622838909389e-02 3.144912030471047615e-02 -4.639820640418552102e+02 -2.031038198177270715e-02 2.081887856905950684e-02
4.000000000000000000e+00 -4.639821549954863258e+02 -1.601091947998511955e-02 3.436922051839985670e-02 -4.639821549954863258e+02 -2.020338371572449887e-02 4.214075114932924748e-02 -4.639821549954863258e+02 -1.601091947989274900e-02 3.341370346173988537e-02 -4.639821549954863258e+02 -2.020338371577068415e-02 4.007057659462631705e-02 -4.639821549954863258e+02 -1.601091948003130483e-02 3.140048457076005661e-02 -4.639821549954863258e+02 -2.020338371593410898e-02 2.079501910626291306e-02
4.099999999999999645e+00 -4.639822316393173196e+02 -1.587383072840964360e-02 3.439037512029585741e-02 -4.639822316393173196e+02 -2.009862590174193997e-02 4.217844871019238440e-02 -4.639822316393173196e+02 -1.587383072835280018e-02 3.342500628039957178e-02 -4.639822316393173196e+02 -2.009862590156430429e-02 4.009169733383544099e-02 -4.639822316393173196e+02 -1.587383072842030174e-02 3.135342835903998093e-02 -4.639822316393173196e+02 -2.009862590161404228e-02 2.077205348144062214e-02
4.200000000000000178e+00 -4.639822928449251549e+02 -1.574031239490025769e-02 3.440950476770510136e-02 -4.639822928449251549e+02 -1.999615597045689697e-02 4.221274632866922616e-02 -4.639822928449251549e+02 -1.574031239474393828e-02 3.343617372906493301e-02 -4.639822928449251549e+02 -1.999615597029702485e-02 4.011260061986732239e-02 -4.639822928449251549e+02 -1.574031239474749100e-02 3.130784497143679346e-02 -4.639822928449251549e+02 -1.999615597034321013e-02 2.074991998236441759e-02
4.299999999999999822e+00 -4.639823385763783108e+02 -1.561051509463595721e-02 3.442647025441303299e-02 -4.639823385763783108e+02 -1.989605372131109107e-02 4.224345283302710641e-02 -4.639823385763783108e+02 -1.561051509469280063e-02 3.344707035464011824e-02 -4.639823385763783108e+02 -1.989605372149227946e-02 4.013311197171276490e-02 -4.639823385763783108e+02 -1.561051509457911379e-02 3.126368049591832232e-02 -4.639823385763783108e+02 -1.989605372137148720e-02 2.072858092723706136e-02
4.400000000000000355e+00 -4.639823699360395040e+02 -1.548463643897335373e-02 3.444128276916558207e-02 -4.639823699360395040e+02 -1.979845802657465015e-02 4.227060227471923781e-02 -4.639823699360395040e+02 -1.548463643887387775e-02 3.345768833814943832e-02 -4.639823699360395040e+02 -1.979845802675939126e-02 4.015319749581891529e-02 -4.639823699360395040e+02 -1.548463643890585217e-02 3.122100198214639022e-02 -4.639823699360395040e+02 -1.979845802693347423e-02 2.070805765749383909e-02
4.500000000000000000e+00 -4.639823886018971280e+02 -1.536289313356320463e-02 3.445406089662483851e-02 -4.639823886018971280e+02 -1.970354011598374200e-02 4.229438867758616993e-02 -4.639823886018971280e+02 -1.536289313370176046e-02 3.346810812516309852e-02 -4.639823886018971280e+02 -1.970354011576347375e-02 4.017292533207239558e-02 -4.639823886018971280e+02 -1.536289313346372865e-02 3.117995299144027399e-02 -4.639823886018971280e+02 -1.970354011591979315e-02 2.068840860795262415e-02
4.599999999999999645e+00 -4.639823958628620630e+02 -1.524548891957522301e-02 3.446495963276774432e-02 -4.639823958628620630e+02 -1.961146934054625035e-02 4.231505699879889448e-02 -4.639823958628620630e+02 -1.524548891960719743e-02 3.347843325770938350e-02 -4.639823958628620630e+02 -1.961146934062085734e-02 4.019239608324554069e-02 -4.639823958628620630e+02 -1.524548891953969587e-02 3.114068674010184168e-02 -4.639823958628620630e+02 -1.961146934056046121e-02 2.066969609038338263e-02
4.700000000000000178e+00 -4.639823926626806951e+02 -1.513258018235319469e-02 3.447408670070828407e-02 -4.639823926626806951e+02 -1.952237438444370810e-02 4.233277505774779570e-02 -4.639823926626806951e+02 -1.513258018239937996e-02 3.348871445302137317e-02 -4.639823926626806951e+02 -1.952237438447923523e-02 4.021166054340952201e-02 -4.639823926626806951e+02 -1.513258018231766755e-02 3.110329020029567459e-02 -4.639823926626806951e+02 -1.952237438450765694e-02 2.065194831597949587e-02
4.799999999999999822e+00 -4.639823795220532929e+02 -1.502426441979309857e-02 3.448145417307557636e-02 -4.639823795220532929e+02 -1.943632807918405092e-02 4.234756705745468253e-02 -4.639823795220532929e+02 -1.502426441973625515e-02 3.349890465194960143e-02 -4.639823795220532929e+02 -1.943632807925865791e-02 4.023066228216620743e-02 -4.639823795220532929e+02 -1.502426441978954585e-02 3.106774248357169199e-02 -4.639823795220532929e+02 -1.943632807940431917e-02 2.063513922720616733e-02
4.900000000000000355e+00 -4.639823566403559880e+02 -1.492059962561143038e-02 3.448702737026465570e-02 -4.639823566403559880e+02 -1.935336977294355165e-02 4.235938858582954936e-02 -4.639823566403559880e+02 -1.492059962563629938e-02 3.350890394208505541e-02 -4.639823566403559880e+02 -1.935336977287605009e-02 4.024928350220235984e-02 -4.639823566403559880e+02 -1.492059962565051023e-02 3.103396176511097337e-02 -4.639823566403559880e+02 -1.935336977296131522e-02 2.061921278465916885e-02
5.000000000000000000e+00 -4.639823251582766943e+02 -1.482162379974738542e-02 3.449078518997339415e-02 -4.639823251582766943e+02 -1.927353004136733716e-02 4.236821888557784632e-02 -4.639823251582766943e+02 -1.482162379976870170e-02 3.351861566480351939e-02 -4.639823251582766943e+02 -1.927353004138510073e-02 4.026740622734692465e-02 -4.639823251582766943e+02 -1.482162379983265055e-02 3.100186065750065723e-02 -4.639823251582766943e+02 -1.927353004139575887e-02 2.060411153013319563e-02
5.099999999999999645e+00 -4.639822867123126571e+02 -1.472738253656658003e-02 3.449280498049489552e-02 -4.639822867123126571e+02 -1.919686622642302609e-02 4.237418959080585523e-02 -4.639822867123126571e+02 -1.472738253653460561e-02 3.352802445723312985e-02 -4.639822867123126571e+02 -1.919686622608551829e-02 4.028499807474261729e-02 -4.639822867123126571e+02 -1.472738253648486761e-02 3.097142216604709120e-02 -4.639822867123126571e+02 -1.919686622606775472e-02 2.058981573151541511e-02
5.200000000000000178e+00 -4.639822426178276373e+02 -1.463791763055155570e-02 3.449325992539087338e-02 -4.639822426178276373e+02 -1.912345208042864897e-02 4.237757228641569895e-02 -4.639822426178276373e+02 -1.463791763062971540e-02 3.353719699394375198e-02 -4.639822426178276373e+02 -1.912345208047483425e-02 4.030212236625274613e-02 -4.639822426178276373e+02 -1.463791763070076968e-02 3.094269766706503333e-02 -4.639822426178276373e+02 -1.912345208033983113e-02 2.057634199656988017e-02
5.299999999999999822e+00 -4.639821943110655411e+02 -1.455323409263087342e-02 3.449232939752633342e-02 -4.639821943110655411e+02 -1.905333768942796269e-02 4.237864408661096149e-02 -4.639821943110655411e+02 -1.455323409262732071e-02 3.354620288212828427e-02 -4.639821943110655411e+02 -1.905333768934269756e-02 4.031885297442272531e-02 -4.639821943110655411e+02 -1.455323409269837498e-02 3.091572854830459960e-02 -4.639821943110655411e+02 -1.905333768934625027e-02 2.056370343841962267e-02
5.400000000000000355e+00 -4.639821431907037095e+02 -1.447328821863180792e-02 3.449014034818631558e-02 -4.639821431907037095e+02 -1.898653133682159933e-02 4.237760631361453534e-02 -4.639821431907037095e+02 -1.447328821856785908e-02 3.355506154125365015e-02 -4.639821431907037095e+02 -1.898653133704897300e-02 4.033520907157495117e-02 -4.639821431907037095e+02 -1.447328821857496450e-02 3.089049682219169313e-02 -4.639821431907037095e+02 -1.898653133694949702e-02 2.055188494258075593e-02
5.500000000000000000e+00 -4.639820903555553286e+02 -1.439799468932534410e-02 3.448677727811855220e-02 -4.639820903555553286e+02 -1.892300546207081879e-02 4.237459783790953338e-02 -4.639820903555553286e+02 -1.439799468935731852e-02 3.356375258728050426e-02 -4.639820903555553286e+02 -1.892300546213121493e-02 4.035116657836823606e-02 -4.639820903555553286e+02 -1.439799468936087123e-02 3.086693743742685569e-02 -4.639820903555553286e+02 -1.892300546220582191e-02 2.054084922285071002e-02
5.599999999999999645e+00 -4.639820361913097031e+02 -1.432724687426301102e-02 3.448233866109617907e-02 -4.639820361913097031e+02 -1.886272000641397995e-02 4.236977841585343185e-02 -4.639820361913097031e+02 -1.432724687422393117e-02 3.357226812920899306e-02 -4.639820361913097031e+02 -1.886272000654898306e-02 4.036671588950468959e-02 -4.639820361913097031e+02 -1.432724687429143273e-02 3.084499055377065702e-02 -4.639820361913097031e+02 -1.886272000655964121e-02 2.053056317549817322e-02
5.700000000000000178e+00 -4.639819804772047291e+02 -1.426092210361673551e-02 3.447695103909964587e-02 -4.639819804772047291e+02 -1.880562757872183965e-02 4.236334735170643739e-02 -4.639819804772047291e+02 -1.426092210360607737e-02 3.358062725323662789e-02 -4.639819804772047291e+02 -1.880562757869341795e-02 4.038187997467446166e-02 -4.639819804772047291e+02 -1.426092210352436496e-02 3.082461604729047622e-02 -4.639819804772047291e+02 -1.880562757881421021e-02 2.052100497692421754e-02
5.799999999999999822e+00 -4.639819241350797938e+02 -1.419886241436074670e-02 3.447069490142240511e-02 -4.639819241350797938e+02 -1.875164617754521146e-02 4.235542988297424927e-02 -4.639819241350797938e+02 -1.419886241452417153e-02 3.358881101227240151e-02 -4.639819241350797938e+02 -1.875164617758784402e-02 4.039664563203615444e-02 -4.639819241350797938e+02 -1.419886241442114283e-02 3.080573157495791747e-02 -4.639819241350797938e+02 -1.875164617740310291e-02 2.051213228878268069e-02
5.900000000000000355e+00 -4.639818686926164446e+02 -1.414089616362446122e-02 3.446363900023641236e-02 -4.639818686926164446e+02 -1.870068258376988979e-02 4.234614110946566257e-02 -4.639818686926164446e+02 -1.414089616359248680e-02 3.359679170506879586e-02 -4.639818686926164446e+02 -1.870068258370238823e-02 4.041098480972138418e-02 -4.639818686926164446e+02 -1.414089616367064650e-02 3.078824324544626734e-02 -4.639818686926164446e+02 -1.870068258359580682e-02 2.050389844835365238e-02
6.000000000000000000e+00 -4.639818135556073457e+02 -1.408685817849786304e-02 3.445589894430156619e-02 -4.639818135556073457e+02 -1.865265661809445419e-02 4.233567550710759519e-02 -4.639818135556073457e+02 -1.408685817846588861e-02 3.360458588356607379e-02 -4.639818135556073457e+02 -1.865265661807313791e-02 4.042491095311007143e-02 -4.639818135556073457e+02 -1.408685817850141575e-02 3.077209741122999276e-02 -4.639818135556073457e+02 -1.865265661833603872e-02 2.049627872947823448e-02
6.099999999999999645e+00 -4.639817589789131489e+02 -1.403655755172650288e-02 3.444755472187566170e-02 -4.639817589789131489e+02 -1.860745900054183721e-02 4.232415866649219538e-02 -4.639817589789131489e+02 -1.403655755169452846e-02 3.361218533697751809e-02 -4.639817589789131489e+02 -1.860745900078342174e-02 4.043842326944968590e-02 -4.639817589789131489e+02 -1.403655755184729514e-02 3.075721406404952063e-02 -4.639817589789131489e+02 -1.860745900070170933e-02 2.048923477949671224e-02
6.200000000000000178e+00 -4.639817072170383199e+02 -1.398980578543884690e-02 3.443871435491274724e-02 -4.639817072170383199e+02 -1.856498478414891906e-02 4.231175556622801537e-02 -4.639817072170383199e+02 -1.398980578547082132e-02 3.361961224274523374e-02 -4.639817072170383199e+02 -1.856498478414536635e-02 4.045155613744100265e-02 -4.639817072170383199e+02 -1.398980578553477017e-02 3.074354134889034640e-02 -4.639817072170383199e+02 -1.856498478404233765e-02 2.048274306928732358e-02
6.299999999999999822e+00 -4.639816587223078841e+02 -1.394642367911913539e-02 3.442950377671394335e-02 -4.639816587223078841e+02 -1.852513932832167143e-02 4.229867191959257866e-02 -4.639816587223078841e+02 -1.394642367903742297e-02 3.362690786686428623e-02 -4.639816587223078841e+02 -1.852513932847443812e-02 4.046435467444808864e-02 -4.639816587223078841e+02 -1.394642367906939739e-02 3.073104571189588796e-02 -4.639816587223078841e+02 -1.852513932839983113e-02 2.047679064257934556e-02
6.400000000000000355e+00 -4.639816122099805398e+02 -1.390621215656651088e-02 3.441997157159093490e-02 -4.639816122099805398e+02 -1.848779821252932720e-02 4.228499894604809128e-02 -4.639816122099805398e+02 -1.390621215669796129e-02 3.363404964747118697e-02 -4.639816122099805398e+02 -1.848779821261814504e-02 4.047679432004969158e-02 -4.639816122099805398e+02 -1.390621215660559074e-02 3.071963336257965693e-02 -4.639816122099805398e+02 -1.848779821257906519e-02 2.047133405425327624e-02
6.500000000000000000e+00 -4.639815674516304398e+02 -1.386896282795291313e-02 3.441013060430009318e-02 -4.639815674516304398e+02 -1.845282032478223755e-02 4.227076455980594005e-02 -4.639815674516304398e+02 -1.386896282793514956e-02 3.364098970303430747e-02 -4.639815674516304398e+02 -1.845282032482131740e-02 4.048882979276413607e-02 -4.639815674516304398e+02 -1.386896282805238911e-02 3.070918800763422496e-02 -4.639815674516304398e+02 -1.845282032477513212e-02 2.046631796029885209e-02
6.599999999999999645e+00 -4.639815256543446367e+02 -1.383449017491145128e-02 3.440007304839198810e-02 -4.639815256543446367e+02 -1.842009108529296668e-02 4.225610639623766929e-02 -4.639815256543446367e+02 -1.383449017489368771e-02 3.364775802846153852e-02 -4.639815256543446367e+02 -1.842009108527165040e-02 4.050050704906738019e-02 -4.639815256543446367e+02 -1.383449017495053113e-02 3.069966888696740170e-02 -4.639815256543446367e+02 -1.842009108518283256e-02 2.046172521364297836e-02
6.700000000000000178e+00 -4.639814873106109872e+02 -1.380262968956813552e-02 3.438992641519433846e-02 -4.639814873106109872e+02 -1.838951730348625802e-02 4.224123071058016876e-02 -4.639814873106109872e+02 -1.380262968959655723e-02 3.365441966388971196e-02 -4.639814873106109872e+02 -1.838951730355731229e-02 4.051189900112461828e-02 -4.639814873106109872e+02 -1.380262968953260838e-02 3.069107039233642809e-02 -4.639814873106109872e+02 -1.838951730341520374e-02 2.045755740268617728e-02
6.799999999999999822e+00 -4.639814517347883793e+02 -1.377319798387333094e-02 3.437970882101026859e-02 -4.639814517347883793e+02 -1.836097190092544906e-02 4.222618083019114010e-02 -4.639814517347883793e+02 -1.377319798395149064e-02 3.366094622276349924e-02 -4.639814517347883793e+02 -1.836097190084728936e-02 4.052297585477759867e-02 -4.639814517347883793e+02 -1.377319798381293481e-02 3.068330132905217056e-02 -4.639814517347883793e+02 -1.836097190093255449e-02 2.045377235494783008e-02
6.900000000000000355e+00 -4.639814182846705535e+02 -1.374601856299406677e-02 3.436944855480561500e-02 -4.639814182846705535e+02 -1.833433054076394342e-02 4.221100302038749419e-02 -4.639814182846705535e+02 -1.374601856304735747e-02 3.366732512112946551e-02 -4.639814182846705535e+02 -1.833433054062538758e-02 4.053373368401125276e-02 -4.639814182846705535e+02 -1.374601856302959391e-02 3.067628824770807228e-02 -4.639814182846705535e+02 -1.833433054071775814e-02 2.045033614162505842e-02
7.000000000000000000e+00 -4.639813876445996357e+02 -1.372092284734449663e-02 3.435916831861618448e-02 -4.639813876445996357e+02 -1.830947153057849164e-02 4.219573360509798476e-02 -4.639813876445996357e+02 -1.372092284730896949e-02 3.367354285152401872e-02 -4.639813876445996357e+02 -1.830947153051454279e-02 4.054416691928253158e-02 -4.639813876445996357e+02 -1.372092284717751909e-02 3.066996028545787567e-02 -4.639813876445996357e+02 -1.830947153067441491e-02 2.044721588454478933e-02
7.099999999999999645e+00 -4.639813598790159404e+02 -1.369776624293805867e-02 3.434894250459308296e-02 -4.639813598790159404e+02 -1.828629827863892388e-02 4.218049442646787384e-02 -4.639813598790159404e+02 -1.369776624296292766e-02 3.367963598872947273e-02 -4.639813598790159404e+02 -1.828629827868866187e-02 4.055431864395586672e-02 -4.639813598790159404e+02 -1.369776624293805867e-02 3.066429654892743883e-02 -4.639813598790159404e+02 -1.828629827879524328e-02 2.044440432116445550e-02
7.200000000000000178e+00 -4.639813342110508074e+02 -1.367640703003303315e-02 3.433880815851253487e-02 -4.639813342110508074e+02 -1.826471018599917784e-02 4.216534837283347770e-02 -4.639813342110508074e+02 -1.367640703002592772e-02 3.368561160640126673e-02 -4.639813342110508074e+02 -1.826471018600983598e-02 4.056420178454089864e-02 -4.639813342110508074e+02 -1.367640703001171687e-02 3.065925104999323025e-02 -4.639813342110508074e+02 -1.826471018594233442e-02 2.044188141244518420e-02
7.299999999999999822e+00 -4.639813107034782433e+02 -1.365670140350871975e-02 3.432876471686086006e-02 -4.639813107034782433e+02 -1.824459593936467172e-02 4.215029849389395622e-02 -4.639813107034782433e+02 -1.365670140339148020e-02 3.369144745077790049e-02 -4.639813107034782433e+02 -1.824459593931848644e-02 4.057379984367415204e-02 -4.639813107034782433e+02 -1.365670140348740347e-02 3.065475367069225854e-02 -4.639813107034782433e+02 -1.824459593943572600e-02 2.043961408953620662e-02
7.400000000000000355e+00 -4.639812894891896349e+02 -1.363852515695995749e-02 3.431885195886508200e-02 -4.639812894891896349e+02 -1.822586447327623205e-02 4.213540826736306144e-02 -4.639812894891896349e+02 -1.363852515698127377e-02 3.369716109619602662e-02 -4.639812894891896349e+02 -1.822586447315543978e-02 4.058313942126900997e-02 -4.639812894891896349e+02 -1.363852515703811719e-02 3.065077438832730650e-02 -4.639812894891896349e+02 -1.822586447321583591e-02 2.043758963121078409e-02
7.500000000000000000e+00 -4.639812702018909931e+02 -1.362175812892729709e-02 3.430907931507931607e-02 -4.639812702018909931e+02 -1.820842219790108629e-02 4.212070044226479126e-02 -4.639812702018909931e+02 -1.362175812892729709e-02 3.370274419253860287e-02 -4.639812702018909931e+02 -1.820842219777318860e-02 4.059221306358651304e-02 -4.639812702018909931e+02 -1.362175812898769323e-02 3.064726242501336628e-02 -4.639812702018909931e+02 -1.820842219772700332e-02 2.043578468769524648e-02
7.599999999999999645e+00 -4.639812526707828511e+02 -1.360629907804167260e-02 3.429950106797008402e-02 -4.639812526707828511e+02 -1.819219618884915235e-02 4.210626345112800095e-02 -4.639812526707828511e+02 -1.360629907804877803e-02 3.370823267876588147e-02 -4.639812526707828511e+02 -1.819219618895573376e-02 4.060106348877212668e-02 -4.639812526707828511e+02 -1.360629907807364702e-02 3.064421054710209091e-02 -4.639812526707828511e+02 -1.819219618891310120e-02 2.043419796144974043e-02
7.700000000000000178e+00 -4.639812367135983777e+02 -1.359203753264992542e-02 3.429009965557128226e-02 -4.639812367135983777e+02 -1.817709386909527325e-02 4.209207128350911375e-02 -4.639812367135983777e+02 -1.359203753278137583e-02 3.371360064349104846e-02 -4.639812367135983777e+02 -1.817709386893184842e-02 4.060967028155104686e-02 -4.639812367135983777e+02 -1.359203753264282000e-02 3.064155677054714033e-02 -4.639812367135983777e+02 -1.817709386890697942e-02 2.043279968865974183e-02
7.799999999999999822e+00 -4.639812222379731566e+02 -1.357887865609086475e-02 3.428089176523130277e-02 -4.639812222379731566e+02 -1.816303901662053022e-02 4.207815012745186323e-02 -4.639812222379731566e+02 -1.357887865614415546e-02 3.371885532735063862e-02 -4.639812222379731566e+02 -1.816303901651039610e-02 4.061804783164291166e-02 -4.639812222379731566e+02 -1.357887865616547174e-02 3.063927263754706587e-02 -4.639812222379731566e+02 -1.816303901659921394e-02 2.043157703097620015e-02
7.900000000000000355e+00 -4.639812093910866224e+02 -1.356673720017909091e-02 3.427189458294321867e-02 -4.639812093910866224e+02 -1.814996309041561062e-02 4.206453077375016392e-02 -4.639812093910866224e+02 -1.356673720034606845e-02 3.372400583274171026e-02 -4.639812093910866224e+02 -1.814996309067140601e-02 4.062620926720938996e-02 -4.639812093910866224e+02 -1.356673720031054131e-02 3.063733376795596541e-02 -4.639812093910866224e+02 -1.814996309053285017e-02 2.043051930874284494e-02
8.000000000000000000e+00 -4.639811977361566733e+02 -1.355552937010173764e-02 3.426310307431634783e-02 -4.639811977361566733e+02 -1.813779460503894825e-02 4.205120654566130156e-02 -4.639811977361566733e+02 -1.355552937012305392e-02 3.372904337129867258e-02 -4.639811977361566733e+02 -1.813779460495013041e-02 4.063415079879462155e-02 -4.639811977361566733e+02 -1.355552937011594850e-02 3.063570146930061355e-02 -4.639811977361566733e+02 -1.813779460485065442e-02 2.042960823019512873e-02
2.500000000000000000e+01 -4.639810836858375751e+02 -1.340691025903240075e-02 3.394149055343476107e-02 -4.639810836858375751e+02 -1.796217335740379895e-02 4.156220411484667920e-02 -4.639810836858375751e+02 -1.340691025902174260e-02 3.391629689697239769e-02 -4.639810836858375751e+02 -1.796217335738248266e-02 4.091352805188819275e-02 -4.639810836858375751e+02 -1.340691025903950617e-02 3.068985130374102255e-02 -4.639810836858375751e+02 -1.796217335729011211e-02 2.044915453250339965e-02
