3.000000000000000000e+00 -4.133430691567573376e+03 -3.477994729603750557e-01 2.219262067779084191e-01 -4.133430691567573376e+03 -3.477994729638425042e-01 2.219385442297578948e-01 -4.133430691567573376e+03 -3.477994729638425042e-01 1.960339509769113420e-01
3.049999999999999822e+00 -4.133463631441638427e+03 -3.439309174342071174e-01 2.219092494651135894e-01 -4.133463631441638427e+03 -3.439309174334823638e-01 2.219215086268917503e-01 -4.133463631441638427e+03 -3.439309174334965746e-01 1.962776899349023552e-01
3.100000000000000089e+00 -4.133491856361746613e+03 -3.399945425581449854e-01 2.218536136203965725e-01 -4.133491856361746613e+03 -3.399945425544217414e-01 2.218658816061775951e-01 -4.133491856361746613e+03 -3.399945425544359523e-01 1.964559643517418408e-01
3.149999999999999911e+00 -4.133515453608124517e+03 -3.361459653101945833e-01 2.218513782346889229e-01 -4.133515453608124517e+03 -3.361459653089866606e-01 2.218636031423670829e-01 -4.133515453608124517e+03 -3.361459653089724497e-01 1.966498844045645455e-01
3.200000000000000178e+00 -4.133535558307481551e+03 -3.322495207825966190e-01 2.218086367579701346e-01 -4.133535558307481551e+03 -3.322495207842877107e-01 2.218208848630496277e-01 -4.133535558307481551e+03 -3.322495207842450782e-01 1.967787826982174693e-01
3.250000000000000000e+00 -4.133552540414762916e+03 -3.284540547368806074e-01 2.218150479711908929e-01 -4.133552540414762916e+03 -3.284540547367811314e-01 2.218272866772252883e-01 -4.133552540414762916e+03 -3.284540547367811314e-01 1.969223209434574073e-01
3.299999999999999822e+00 -4.133566647504372668e+03 -3.246297032706024766e-01 2.217787686655583457e-01 -4.133566647504372668e+03 -3.246297032680303118e-01 2.217910407422607477e-01 -4.133566647504372668e+03 -3.246297032680161010e-01 1.970013735144107159e-01
3.325000000000000178e+00 -4.133572807464483049e+03 -3.227858537069607792e-01 2.217950463488875812e-01 -4.133572807464483049e+03 -3.227858537098740044e-01 2.218072949902420987e-01 -4.133572807464483049e+03 -3.227858537098597935e-01 1.970614540164348227e-01
3.350000000000000089e+00 -4.133578600864850159e+03 -3.209216995359014390e-01 2.217893665056891450e-01 -4.133578600864850159e+03 -3.209216995326755750e-01 2.218016166128364830e-01 -4.133578600864850159e+03 -3.209216995326471533e-01 1.970960089213065203e-01
3.375000000000000000e+00 -4.133583728883677395e+03 -3.190714460921952877e-01 2.217836909057098183e-01 -4.133583728883677395e+03 -3.190714460890120563e-01 2.217959389322743391e-01 -4.133583728883677395e+03 -3.190714460890404780e-01 1.971245279152071816e-01
3.399999999999999911e+00 -4.133588602798612555e+03 -3.172038628104161262e-01 2.217560783815599734e-01 -4.133588602798612555e+03 -3.172038628087960888e-01 2.217683359750992622e-01 -4.133588602798612555e+03 -3.172038628087818779e-01 1.971278462362846540e-01
3.424999999999999822e+00 -4.133592854971906490e+03 -3.154188218916118558e-01 2.217735647670053822e-01 -4.133592854971906490e+03 -3.154188218913702713e-01 2.217857939737228889e-01 -4.133592854971906490e+03 -3.154188218913702713e-01 1.971652811394761784e-01
3.450000000000000178e+00 -4.133596715341809613e+03 -3.136176716929810482e-01 2.217684403216821920e-01 -4.133596715341809613e+03 -3.136176716880925142e-01 2.217806664008890039e-01 -4.133596715341809613e+03 -3.136176716881209359e-01 1.971773041240538760e-01
3.475000000000000089e+00 -4.133600212630804890e+03 -3.118345520701382156e-01 2.217632343741797740e-01 -4.133600212630804890e+03 -3.118345520712040297e-01 2.217754574458723482e-01 -4.133600212630804890e+03 -3.118345520711756080e-01 1.971839810553888128e-01
3.500000000000000000e+00 -4.133603639698179904e+03 -3.100386993386337053e-01 2.217358939224283176e-01 -4.133603639698179904e+03 -3.100386993369994570e-01 2.217481346715715063e-01 -4.133603639698179904e+03 -3.100386993370563005e-01 1.971659976632906819e-01
3.524999999999999911e+00 -4.133606749134894926e+03 -3.082919289360006587e-01 2.217285204299770385e-01 -4.133606749134894926e+03 -3.082919289368817317e-01 2.217407548856584754e-01 -4.133606749134894926e+03 -3.082919289368817317e-01 1.971607629830884889e-01
3.549999999999999822e+00 -4.133609325784629618e+03 -3.065681158226425396e-01 2.217226995843759596e-01 -4.133609325784629618e+03 -3.065681158211361890e-01 2.217349354433935105e-01 -4.133609325784629618e+03 -3.065681158211361890e-01 1.971522153544214007e-01
3.575000000000000178e+00 -4.133611647256901051e+03 -3.048657847161990730e-01 2.217167632433074687e-01 -4.133611647256901051e+03 -3.048657847159574885e-01 2.217289864074558636e-01 -4.133611647256901051e+03 -3.048657847159859102e-01 1.971390540356594556e-01
3.600000000000000089e+00 -4.133613737031999335e+03 -3.031858304526053871e-01 2.217108104988767536e-01 -4.133613737031999335e+03 -3.031858304515822056e-01 2.217230230977378369e-01 -4.133613737031999335e+03 -3.031858304515822056e-01 1.971215635272898226e-01
3.625000000000000000e+00 -4.133615615294707823e+03 -3.015289309918500749e-01 2.217048460830852719e-01 -4.133615615294707823e+03 -3.015289309933706363e-01 2.217170470332092691e-01 -4.133615615294707823e+03 -3.015289309933564255e-01 1.970999354515186042e-01
3.649999999999999911e+00 -4.133617298721714178e+03 -2.998955803428486888e-01 2.216987831868522107e-01 -4.133617298721714178e+03 -2.998955803423370980e-01 2.217109705082407345e-01 -4.133617298721714178e+03 -2.998955803423655198e-01 1.970742794973574519e-01
3.674999999999999822e+00 -4.133618801485219592e+03 -2.982860554328681246e-01 2.216924266747213323e-01 -4.133618801485219592e+03 -2.982860554319302082e-01 2.217045920290274807e-01 -4.133618801485219592e+03 -2.982860554319302082e-01 1.970446050966785378e-01
3.700000000000000178e+00 -4.133620136888475827e+03 -2.967008024631780927e-01 2.216857262805831397e-01 -4.133620136888475827e+03 -2.967008024568968949e-01 2.216978775157087966e-01 -4.133620136888475827e+03 -2.967008024569253166e-01 1.970110564251541518e-01
3.725000000000000089e+00 -4.133621319907644647e+03 -2.951713901726975564e-01 2.217015255936161111e-01 -4.133621319907644647e+03 -2.951713901723280742e-01 2.217136476982091153e-01 -4.133621319907644647e+03 -2.951713901723280742e-01 1.969941159608481485e-01
3.750000000000000000e+00 -4.133622481432201312e+03 -2.936355128885850263e-01 2.216938766459719545e-01 -4.133622481432201312e+03 -2.936355128892103039e-01 2.217059488980481774e-01 -4.133622481432201312e+03 -2.936355128891818822e-01 1.969530878469782920e-01
3.774999999999999911e+00 -4.133623517332322081e+03 -2.921250991796000562e-01 2.216858726531540924e-01 -4.133623517332322081e+03 -2.921250991805663944e-01 2.216979633400200100e-01 -4.133623517332322081e+03 -2.921250991805806052e-01 1.969087259792274835e-01
3.799999999999999822e+00 -4.133624329749214667e+03 -2.906098529081475590e-01 2.216547579957364178e-01 -4.133624329749214667e+03 -2.906098529089717886e-01 2.216668573723410418e-01 -4.133624329749214667e+03 -2.906098529089717886e-01 1.968409151399157508e-01
3.850000000000000089e+00 -4.133625686700193910e+03 -2.877520655126062366e-01 2.216622204778673222e-01 -4.133625686700193910e+03 -2.877520655087977275e-01 2.216742906420279269e-01 -4.133625686700193910e+03 -2.877520655088119383e-01 1.967592918255292034e-01
3.899999999999999911e+00 -4.133626919451857248e+03 -2.849403535732193404e-01 2.216237112032075629e-01 -4.133626919451857248e+03 -2.849403535692118794e-01 2.216357696794943877e-01 -4.133626919451857248e+03 -2.849403535692403011e-01 1.966270827016813882e-01
3.950000000000000178e+00 -4.133627722782068304e+03 -2.822952652466028667e-01 2.216306829243279708e-01 -4.133627722782068304e+03 -2.822952652447838773e-01 2.216427044351689801e-01 -4.133627722782068304e+03 -2.822952652447696664e-01 1.965268951777545681e-01
4.000000000000000000e+00 -4.133628442109304160e+03 -2.796922071681819943e-01 2.215871557860538132e-01 -4.133628442109304160e+03 -2.796922071661924747e-01 2.215991481314887324e-01 -4.133628442109304160e+03 -2.796922071662208964e-01 1.963742958561027763e-01
4.049999999999999822e+00 -4.133629280893885152e+03 -2.772567159686047944e-01 2.215918121746796032e-01 -4.133629280893885152e+03 -2.772567159664021119e-01 2.216038326093467958e-01 -4.133629280893885152e+03 -2.772567159664305336e-01 1.962582841533588862e-01
4.099999999999999645e+00 -4.133629876905753918e+03 -2.748689403429267486e-01 2.215516788802460724e-01 -4.133629876905753918e+03 -2.748689403410367049e-01 2.215636708346551131e-01 -4.133629876905753918e+03 -2.748689403410082832e-01 1.960969286517411092e-01
4.150000000000000355e+00 -4.133630345623627363e+03 -2.726474535550238443e-01 2.215625926218365294e-01 -4.133630345623627363e+03 -2.726474535536311805e-01 2.215745658010916941e-01 -4.133630345623627363e+03 -2.726474535536169697e-01 1.959764355146802473e-01
4.200000000000000178e+00 -4.133630896918126382e+03 -2.704620432423325838e-01 2.215216311556389428e-01 -4.133630896918126382e+03 -2.704620432431852350e-01 2.215335711672850039e-01 -4.133630896918126382e+03 -2.704620432432136568e-01 1.958059277960870759e-01
4.250000000000000000e+00 -4.133631158718231745e+03 -2.684389909793765128e-01 2.215340089219210995e-01 -4.133631158718231745e+03 -2.684389909834123955e-01 2.215459155758736642e-01 -4.133631158718231745e+03 -2.684389909833839738e-01 1.956798214024644267e-01
4.299999999999999822e+00 -4.133631230900107767e+03 -2.664517813123552514e-01 2.214979352705483961e-01 -4.133631230900107767e+03 -2.664517813109341660e-01 2.215098084711826232e-01 -4.133631230900107767e+03 -2.664517813109341660e-01 1.955080936207593822e-01
4.349999999999999645e+00 -4.133631471310698544e+03 -2.646206542900699787e-01 2.215163054617477201e-01 -4.133631471310698544e+03 -2.646206542914768534e-01 2.215281473449977057e-01 -4.133631471310698544e+03 -2.646206542914910642e-01 1.953829223750460642e-01
4.400000000000000355e+00 -4.133631474650188466e+03 -2.628221701679791522e-01 2.214878642188864433e-01 -4.133631474650188466e+03 -2.628221701665154342e-01 2.214996642124020809e-01 -4.133631474650188466e+03 -2.628221701665154342e-01 1.952146094774320773e-01
4.450000000000000178e+00 -4.133631696712407575e+03 -2.611659544990772019e-01 2.215089503506533219e-01 -4.133631696712407575e+03 -2.611659544998303772e-01 2.215207037076538654e-01 -4.133631696712407575e+03 -2.611659544998303772e-01 1.950894105818008484e-01
4.500000000000000000e+00 -4.133631994674055022e+03 -2.595232357907093501e-01 2.214725364683687303e-01 -4.133631994674055022e+03 -2.595232357916756882e-01 2.214842917402819467e-01 -4.133631994674055022e+03 -2.595232357916472665e-01 1.949127677913224943e-01
4.549999999999999822e+00 -4.133631879031276185e+03 -2.580201565392599150e-01 2.214891231742797117e-01 -4.133631879031276185e+03 -2.580201565387199025e-01 2.215008933419113646e-01 -4.133631879031276185e+03 -2.580201565387199025e-01 1.947828199692054341e-01
4.599999999999999645e+00 -4.133631740155873558e+03 -2.565357607867468914e-01 2.214570925758181374e-01 -4.133631740155873558e+03 -2.565357607830520692e-01 2.214688334221790456e-01 -4.133631740155873558e+03 -2.565357607830520692e-01 1.946097803898823031e-01
4.650000000000000355e+00 -4.133631923912362254e+03 -2.551841541355770460e-01 2.214798366980659239e-01 -4.133631923912362254e+03 -2.551841541355344134e-01 2.214916747810207198e-01 -4.133631923912362254e+03 -2.551841541355202025e-01 1.944857230283503213e-01
4.700000000000000178e+00 -4.133631725046983775e+03 -2.538475685602463727e-01 2.214565889130994947e-01 -4.133631725046983775e+03 -2.538475685605590115e-01 2.214683750199242240e-01 -4.133631725046983775e+03 -2.538475685605590115e-01 1.943214458649578091e-01
4.750000000000000000e+00 -4.133631501394946099e+03 -2.526356553548225747e-01 2.214880340723794916e-01 -4.133631501394946099e+03 -2.526356553535720195e-01 2.214998715225249271e-01 -4.133631501394946099e+03 -2.526356553535720195e-01 1.942064462666053259e-01
4.799999999999999822e+00 -4.133631257002558414e+03 -2.514314201106913060e-01 2.214715467993926268e-01 -4.133631257002558414e+03 -2.514314201104639324e-01 2.214833658284760531e-01 -4.133631257002558414e+03 -2.514314201104639324e-01 1.940499237556423395e-01
4.849999999999999645e+00 -4.133631146292707854e+03 -2.503417905436293722e-01 2.215071111833708528e-01 -4.133631146292707854e+03 -2.503417905455762593e-01 2.215189727771331718e-01 -4.133631146292707854e+03 -2.503417905455620485e-01 1.939405704626864235e-01
4.900000000000000355e+00 -4.133630908484617976e+03 -2.492482634312409573e-01 2.214882637622253014e-01 -4.133630908484617976e+03 -2.492482634310420053e-01 2.215001275794890034e-01 -4.133630908484617976e+03 -2.492482634310420053e-01 1.937842904889777174e-01
4.950000000000000178e+00 -4.133630475965001096e+03 -2.482588862176697830e-01 2.215182826184047826e-01 -4.133630475965001096e+03 -2.482588862200714175e-01 2.215301938619944622e-01 -4.133630475965001096e+03 -2.482588862200429958e-01 1.936726654725333674e-01
5.000000000000000000e+00 -4.133630191857668251e+03 -2.472634561810451714e-01 2.214964583416048072e-01 -4.133630191857668251e+03 -2.472634561792972363e-01 2.215083656602274687e-01 -4.133630191857668251e+03 -2.472634561793114472e-01 1.935167261450203569e-01
5.049999999999999822e+00 -4.133629760557549162e+03 -2.463710947090334002e-01 2.215279457812329156e-01 -4.133629760557549162e+03 -2.463710947057222711e-01 2.215398883460295565e-01 -4.133629760557549162e+03 -2.463710947056796385e-01 1.934093099012557104e-01
5.099999999999999645e+00 -4.133629436655672180e+03 -2.454802566470277725e-01 2.215192223212625322e-01 -4.133629436655672180e+03 -2.454802566459335367e-01 2.215311495980643031e-01 -4.133629436655672180e+03 -2.454802566459193258e-01 1.932679165507948937e-01
5.150000000000000355e+00 -4.133629103694911464e+03 -2.446852800699446107e-01 2.215625563653844665e-01 -4.133629103694911464e+03 -2.446852800709820031e-01 2.215745112059153143e-01 -4.133629103694911464e+03 -2.446852800709393705e-01 1.931739597892203619e-01
5.200000000000000178e+00 -4.133628592242042942e+03 -2.438833531504371877e-01 2.215610088158541657e-01 -4.133628592242042942e+03 -2.438833531489734696e-01 2.215729421252774500e-01 -4.133628592242042942e+03 -2.438833531489876805e-01 1.930420583720433569e-01
5.250000000000000000e+00 -4.133628217681485694e+03 -2.431595010111493593e-01 2.215988592815136826e-01 -4.133628217681485694e+03 -2.431595010075824348e-01 2.216108204005848847e-01 -4.133628217681485694e+03 -2.431595010075966456e-01 1.929465791114779449e-01
5.299999999999999822e+00 -4.133627690458073630e+03 -2.424229996057789549e-01 2.215894777238247570e-01 -4.133627690458073630e+03 -2.424229996089479755e-01 2.216014097496810109e-01 -4.133627690458073630e+03 -2.424229996089906081e-01 1.928112380908117984e-01
5.349999999999999645e+00 -4.133627167241924326e+03 -2.417685564917633201e-01 2.216280961406482675e-01 -4.133627167241924326e+03 -2.417685564892622097e-01 2.216400505889168926e-01 -4.133627167241924326e+03 -2.417685564892337879e-01 1.927198128524310050e-01
5.400000000000000355e+00 -4.133626646700329729e+03 -2.411061325749130901e-01 2.216275572553456641e-01 -4.133626646700329729e+03 -2.411061325740888606e-01 2.216394865625943567e-01 -4.133626646700329729e+03 -2.411061325740746497e-01 1.925956097151839685e-01
5.450000000000000178e+00 -4.133626134483460191e+03 -2.405223391806288191e-01 2.216756496577829694e-01 -4.133626134483460191e+03 -2.405223391802593369e-01 2.216875906593713808e-01 -4.133626134483460191e+03 -2.405223391802735478e-01 1.925157494424496463e-01
5.500000000000000000e+00 -4.133625604777389526e+03 -2.399255496687828781e-01 2.216822861824709889e-01 -4.133625604777389526e+03 -2.399255496698344814e-01 2.216942090086178041e-01 -4.133625604777389526e+03 -2.399255496698344814e-01 1.924011445965021494e-01
5.549999999999999822e+00 -4.133625068953810114e+03 -2.393959826665650326e-01 2.217294961899085592e-01 -4.133625068953810114e+03 -2.393959826632681143e-01 2.217414239937056664e-01 -4.133625068953810114e+03 -2.393959826632681143e-01 1.923238382220375797e-01
5.599999999999999645e+00 -4.133624551278193394e+03 -2.388471067427531125e-01 2.217311645121213814e-01 -4.133624551278193394e+03 -2.388471067438899809e-01 2.217430704850471557e-01 -4.133624551278193394e+03 -2.388471067438757700e-01 1.922083037305810649e-01
5.650000000000000355e+00 -4.133624044556407171e+03 -2.383638679283848205e-01 2.217751631668249956e-01 -4.133624044556407171e+03 -2.383638679297916951e-01 2.217870730509332589e-01 -4.133624044556407171e+03 -2.383638679297632734e-01 1.921315435799755278e-01
5.700000000000000178e+00 -4.133623541801811371e+03 -2.378641353578814233e-01 2.217789649147761111e-01 -4.133623541801811371e+03 -2.378641353583077489e-01 2.217908520746334489e-01 -4.133623541801811371e+03 -2.378641353583077489e-01 1.920212175296143187e-01
5.750000000000000000e+00 -4.133623384405203979e+03 -2.374290480256604496e-01 2.218270237284656332e-01 -4.133623384405203979e+03 -2.374290480261294078e-01 2.218389206150277460e-01 -4.133623384405203979e+03 -2.374290480261436187e-01 1.919512146453143941e-01
5.799999999999999822e+00 -4.133622918263841711e+03 -2.369785683305849489e-01 2.218381967596485538e-01 -4.133622918263841711e+03 -2.369785683304428403e-01 2.218500709114010760e-01 -4.133622918263841711e+03 -2.369785683304286295e-01 1.918504764070974034e-01
5.849999999999999645e+00 -4.133622673403715453e+03 -2.365883970812063808e-01 2.218917054719184989e-01 -4.133622673403715453e+03 -2.365883970822011406e-01 2.219035600816710030e-01 -4.133622673403715453e+03 -2.365883970822153515e-01 1.917882949013147709e-01
5.900000000000000355e+00 -4.133622244092341134e+03 -2.361762570105696568e-01 2.219031589235669344e-01 -4.133622244092341134e+03 -2.361762570102570180e-01 2.219149885226840979e-01 -4.133622244092341134e+03 -2.361762570102570180e-01 1.916909496117540357e-01
5.950000000000000178e+00 -4.133621841680011130e+03 -2.358191567622043294e-01 2.219536037404452600e-01 -4.133621841680011130e+03 -2.358191567622611728e-01 2.219654315735368755e-01 -4.133621841680011130e+03 -2.358191567622611728e-01 1.916292064456968092e-01
6.000000000000000000e+00 -4.133621454226522474e+03 -2.354399246822254099e-01 2.219635542881945867e-01 -4.133621454226522474e+03 -2.354399246811738067e-01 2.219753549235008450e-01 -4.133621454226522474e+03 -2.354399246811880175e-01 1.915336541520389346e-01
2.500000000000000000e+01 -4.133617129472499073e+03 -2.263483836458135556e-01 2.260706027473275981e-01 -4.133617129472499073e+03 -2.263483836466662069e-01 2.260820266575791493e-01 -4.133617129472499073e+03 -2.263483836466662069e-01 1.864021428505253652e-01
