QED-CCSD-2 results for Argon dimer (Cavity Frequency = 2.0 eV; coupling strength = 0.05 a.u.)
Distance Ar-Ar (A)                  E (outside)              E (pol x)                E (pol y)              E (pol z)

 3.000	                        -1053.929972274091		-1053.919492903369		-1053.919492903369		-1053.919018154112
 3.100	                        -1053.931592798108		-1053.921095778037		-1053.921095778038		-1053.920648320883
 3.200	                        -1053.932682209535		-1053.922169344044		-1053.922169344043		-1053.921747441726
 3.300	                        -1053.933406500825		-1053.922879392824		-1053.922879392824		-1053.922481822837
 3.400	                        -1053.933882340921		-1053.923342392409		-1053.923342392409		-1053.922968274800
 3.500	                        -1053.934190658590		-1053.923639108571		-1053.923639108571		-1053.923287761740
 3.600	                        -1053.934386739289		-1053.923824660365		-1053.923824660364		-1053.923495474444
 3.700	                        -1053.934507732139		-1053.923936063730		-1053.923936063730		-1053.923628393048
 3.800	                        -1053.934578336397		-1053.923997908343		-1053.923997908343		-1053.923710994027
 3.900	                        -1053.934614984175		-1053.924026539928		-1053.924026539928		-1053.923759468453
 4.000	                        -1053.934628776486		-1053.924032993410		-1053.924032993410		-1053.923784693214
 4.100	                        -1053.934627413246		-1053.924024916608		-1053.924024916608		-1053.923794186209
 4.200	                        -1053.934616372988		-1053.924007743712		-1053.924007743711		-1053.923793299778
 4.300	                        -1053.934599595321		-1053.923985373410		-1053.923985373410		-1053.923785906040
 4.400	                        -1053.934579877569		-1053.923960562952		-1053.923960562952		-1053.923774787402
 4.500	                        -1053.934559131550		-1053.923935200336		-1053.923935200335		-1053.923761881693
 4.600	                        -1053.934538581859		-1053.923910436442		-1053.923910436442		-1053.923748466801
 4.700	                        -1053.934518938881		-1053.923886958534		-1053.923886958534		-1053.923735320844
 4.800	                        -1053.934500552267		-1053.923865077957		-1053.923865077957		-1053.923722865309
 4.900	                        -1053.934483540169		-1053.923844877040		-1053.923844877040		-1053.923711230787
 5.000	                        -1053.934467889010		-1053.923826309601		-1053.923826309601		-1053.923700575761
 5.100	                        -1053.934453523120		-1053.923809270894		-1053.923809270894		-1053.923690822206
 5.200	                        -1053.934440347510		-1053.923793640426		-1053.923793640426		-1053.923681918365
 5.300	                        -1053.934428270035		-1053.923779303948		-1053.923779303948		-1053.923673869754
 5.400	                        -1053.934417209756		-1053.923766161411		-1053.923766161412		-1053.923666501289
 5.500	                        -1053.934407097458		-1053.923754127071		-1053.923754127071		-1053.923659828938
 5.600	                        -1053.934397872789		-1053.923743126144		-1053.923743126144		-1053.923653813235
 5.700	                        -1053.934389480754		-1053.923733090920		-1053.923733090920		-1053.923648417642
 5.800	                        -1053.934381868898		-1053.923723955726		-1053.923723955726		-1053.923643606361
 5.900	                        -1053.934374985674		-1053.923715662518		-1053.923715662518		-1053.923639343108
 6.000	                        -1053.934368779846		-1053.923708148761		-1053.923708148760		-1053.923635590703
 6.100	                        -1053.934363200585		-1053.923701355010		-1053.923701355010		-1053.923632311305
 6.200	                        -1053.934358197977		-1053.923695223381		-1053.923695223381		-1053.923629466917
 6.300	                        -1053.934353723606		-1053.923689698107		-1053.923689698106		-1053.923627020048
 6.400	                        -1053.934349731098		-1053.923684726046		-1053.923684726046		-1053.923624934277
 6.500	                        -1053.934346176516		-1053.923680257036		-1053.923680257035		-1053.923623174692
 6.600	                        -1053.934343018597		-1053.923676244119		-1053.923676244120		-1053.923621708206
 6.700	                        -1053.934340218854		-1053.923672643635		-1053.923672643635		-1053.923620503734
 6.800	                        -1053.934337741554		-1053.923669415178		-1053.923669415178		-1053.923619532257
 6.900	                        -1053.934335553701		-1053.923666521504		-1053.923666521504		-1053.923618766844
 7.000	                        -1053.934333624860		-1053.923663928402		-1053.923663928401		-1053.923618182613
 7.100	                        -1053.934331927081		-1053.923661604518		-1053.923661604519		-1053.923617756680
 7.200	                        -1053.934330434773		-1053.923659521230		-1053.923659521231		-1053.923617461170
 7.300	                        -1053.934329124568		-1053.923657652457		-1053.923657652457		-1053.923617290581
 7.400	                        -1053.934327975215		-1053.923655974520		-1053.923655974521		-1053.923617220993
 7.500	                        -1053.934326967471		-1053.923654466016		-1053.923654466016		-1053.923617244742
 7.600	                        -1053.934326083991		-1053.923653107643		-1053.923653107642		-1053.923617332505
 7.700	                        -1053.934325309218		-1053.923651882091		-1053.923651882092		-1053.923617479497
 7.800	                        -1053.934324629265		-1053.923650773894		-1053.923650773894		-1053.923617674839
 7.900	                        -1053.934324031811		-1053.923649769293		-1053.923649769293		-1053.923617909011
 8.000	                        -1053.934323505986		-1053.923648856100		-1053.923648856100		-1053.923618173757
 8.500	                        -1053.934321656919		-1053.923645328039		-1053.923645328038		-1053.923619741823
 9.000	                        -1053.934320595586		-1053.923642936149		-1053.923642936149		-1053.923621377260
 9.500	                        -1053.934319933252		-1053.923641206813		-1053.923641206812		-1053.923622874440
10.000	                        -1053.934319492252		-1053.923639900694		-1053.923639900694		-1053.923624180413
10.500	                        -1053.934319186424		-1053.923638886234		-1053.923638886234		-1053.923625301563
11.000	                        -1053.934318968887		-1053.923638082763		-1053.923638082763		-1053.923626261550
11.500	                        -1053.934318811323		-1053.923637436545		-1053.923637436545		-1053.923627084260
12.000	                        -1053.934318695485		-1053.923636909971		-1053.923636909971		-1053.923627790825
12.500	                        -1053.934318609192		-1053.923636475935		-1053.923636475936		-1053.923628399658
13.000	                        -1053.934318544130		-1053.923636114508		-1053.923636114508		-1053.923628925937
13.500	                        -1053.934318494529		-1053.923635810772		-1053.923635810773		-1053.923629382447
14.000	                        -1053.934318456327		-1053.923635553413		-1053.923635553414		-1053.923629779952
14.500	                        -1053.934318426631		-1053.923635333715		-1053.923635333715		-1053.923630127546
15.000	                        -1053.934318403334		-1053.923635144890		-1053.923635144891		-1053.923630432795
15.500	                        -1053.934318384913		-1053.923634981594		-1053.923634981594		-1053.923630701719
16.000	                        -1053.934318370234		-1053.923634839570		-1053.923634839570		-1053.923630932092
16.500	                        -1053.934318358451		-1053.923634715407		-1053.923634715407		-1053.923631143008
17.000	                        -1053.934318348932		-1053.923634606327		-1053.923634606327		-1053.923631327843
17.500	                        -1053.934318341189		-1053.923634510076		-1053.923634510076		-1053.923631492320
18.000	                        -1053.934318334859		-1053.923634424792		-1053.923634424792		-1053.923631638967
18.500	                        -1053.934318329645		-1053.923634348929		-1053.923634348929		-1053.923631770037
19.000	                        -1053.934318325338		-1053.923634281208		-1053.923634281208		-1053.923631887487
19.500	                        -1053.934318321757		-1053.923634220552		-1053.923634220551		-1053.923631992968
20.000	                        -1053.934318318766		-1053.923634166047		-1053.923634166047		-1053.923632087853
20.500	                        -1053.934318316255		-1053.923634116926		-1053.923634116926		-1053.923632173265
21.000	                        -1053.934318314143		-1053.923634072532		-1053.923634072532		-1053.923632251841
21.500	                        -1053.934318312352		-1053.923634032303		-1053.923634032303		-1053.923632319069
22.000	                        -1053.934318310834		-1053.923633995758		-1053.923633995758		-1053.923632380871
22.500	                        -1053.934318309539		-1053.923633962483		-1053.923633962482		-1053.923632436248
23.000	                        -1053.934318308429		-1053.923633932115		-1053.923633932115		-1053.923632486741
23.500	                        -1053.934318307479		-1053.923633904338		-1053.923633904339		-1053.923632532722
24.000	                        -1053.934318306661		-1053.923633878884		-1053.923633878884		-1053.923632574801
24.500	                        -1053.934318305953		-1053.923633855509		-1053.923633855509		-1053.923632613424
25.000	                        -1053.934318305337		-1053.923633834007		-1053.923633834007		-1053.923632648756
30.000	                        -1053.934318302172		-1053.923633689986		-1053.923633689986		-1053.923632853705
50.000	                        -1053.934318300656		-1053.923633536762		-1053.923633536762		-1053.923630209606
100.000	                        -1053.934318300581 		-1053.923633500112		-1053.923633500111		-1053.923627805773
200.000	                        -1053.934318300582 		-1053.923633495540		-1053.923633495540		-1053.923637502611
500.000	                        -1053.934318300581 		-1053.923633494927		-1053.923633494927		-1053.923103856659
