nep4 2 C O 
cutoff 6 4 2 2
n_max 6 6
basis_size 10 10
l_max 4 2 1
ANN 10 0
 -2.2042382e-06
  1.8054570e-07
 -7.8135436e-09
 -9.7902580e-07
  1.0601713e-06
  1.0538357e-06
 -2.3314153e-07
 -8.4888126e-07
 -1.8567816e-08
 -5.4867314e-07
  2.2447819e-07
  1.6929049e-06
 -8.3399539e-07
 -2.0768714e-06
 -1.0680836e-06
 -3.1049669e-07
  1.6174816e-06
  1.9498123e-06
  1.8326582e-06
  4.9386733e-07
 -6.2115089e-07
  7.7641556e-07
 -1.8999926e-07
 -2.4533838e-07
  2.4577830e-06
 -4.0453388e-06
  1.8590191e-06
  1.5218902e-06
 -1.1335120e-06
 -1.3077286e-06
  2.2929521e-07
  7.1990456e-07
 -1.2533130e-07
 -7.9785224e-07
  3.2116162e-07
 -1.6137458e-06
  2.3030620e-06
  2.1990929e-06
 -7.3157011e-08
 -1.3122623e-07
 -3.0157497e-07
 -2.4817817e-07
 -1.2449505e-06
  1.0002345e-06
  9.5255791e-07
  9.0361499e-07
  1.4398279e-06
  2.9805705e-08
 -1.1568519e-07
  1.3536097e-06
  5.2781866e-07
  2.3461039e-06
 -9.6438907e-07
 -1.1360972e-06
 -1.7794427e-07
  7.9824332e-08
  1.1024486e-07
  1.6614595e-06
  3.6796031e-08
 -2.2380427e-06
 -9.1200832e-08
 -5.7730585e-08
 -2.6945390e-06
  1.0541854e-07
 -8.8620180e-07
 -1.6588272e-07
  1.3465999e-06
 -1.2420315e-06
  3.2195624e-07
  9.4457334e-07
 -1.3835539e-06
 -1.5353045e-06
  6.7267177e-07
  6.7828591e-07
 -3.8658743e-07
  3.5244486e-07
 -9.1533184e-07
 -6.5728705e-07
 -2.9823372e-07
 -1.6419006e-06
 -1.6012169e-07
 -7.3965668e-07
  1.6763947e-07
  1.6871181e-06
  2.2556829e-07
  1.6445742e-07
  4.7929342e-07
  1.8107889e-06
  3.8164748e-07
 -2.5261004e-06
 -3.2064074e-06
  5.1422120e-07
 -3.0292796e-08
  7.7461380e-07
  3.8969068e-07
 -4.0629777e-07
  3.2851884e-05
  1.4704152e-06
 -5.0329497e-08
 -2.0493678e-06
 -2.7439332e-06
 -6.3913274e-07
  1.3915095e-06
  1.8272623e-06
  1.0346080e-07
 -2.8812806e-07
  2.5541667e-07
 -5.3942131e-07
  2.9448870e-06
  1.0582656e-06
 -2.4143738e-08
 -1.0907368e-07
  1.1626058e-06
 -8.1800664e-07
 -1.9327075e-08
  2.2914637e-07
  2.0659347e-06
 -2.3077557e-07
  1.3750977e-06
 -1.0389160e-06
  2.2590414e-06
  7.4947752e-07
 -4.8993238e-06
  1.3441948e-07
 -2.2604564e-07
 -2.5788299e-08
 -1.5873903e-07
 -2.9098217e-06
 -1.1019873e-07
 -1.6832367e-06
 -1.8158691e-07
 -1.0810761e-06
 -1.5002620e-06
 -1.7426150e-06
  4.1384490e-07
 -2.1880319e-07
  1.1199868e-06
  2.2386449e-07
 -1.3388428e-06
 -1.1066461e-06
 -3.8459785e-07
  2.0391369e-06
 -8.6547942e-07
  6.4390144e-07
  7.7215566e-07
 -3.8376083e-07
 -4.9336627e-06
 -9.3374041e-08
  9.9299120e-07
 -4.7718731e-07
  8.5329162e-07
 -9.0816468e-07
  1.9255340e-06
 -1.1585442e-07
 -5.0108633e-07
  6.8148967e-07
  1.2879374e-06
  5.1920040e-07
  4.6583884e-07
  3.8667554e-07
 -3.1261884e-06
 -1.1948640e-06
 -4.2546498e-07
 -3.8612464e-07
 -4.7008638e-07
  1.3197310e-06
 -1.8402402e-07
  1.8580242e-06
 -7.2720383e-07
 -1.7242895e-06
  9.7391933e-07
  2.0221958e-06
 -2.2195154e-06
  4.4932821e-07
 -2.5302020e-06
 -9.7892246e-07
 -1.9575405e-06
  1.7787065e-06
 -2.3213788e-07
 -1.9587647e-07
 -8.4253884e-07
 -1.7603656e-06
 -5.2776809e-06
  3.9627302e-08
 -1.4445984e-06
 -6.7623591e-07
  4.2180955e-07
  2.0832843e-07
  1.1704353e-06
 -4.6588550e-08
  2.8980304e-07
 -8.0361609e-08
 -1.2154462e-06
  3.7287415e-07
  3.8733830e-07
  3.9266220e-06
  4.5800357e-07
  6.8292218e-07
  8.2671825e-08
  1.1769005e-06
 -3.2036149e-07
 -8.7935882e-07
 -6.1252628e-08
  2.1760850e-06
 -2.0783818e-06
 -9.4800164e-08
 -2.6996346e-07
 -1.2270506e-06
 -6.2515177e-08
 -1.1373983e-06
 -1.5395797e-08
  1.9632759e-08
 -1.6577280e-06
  1.9002891e-06
  1.3423896e-06
 -1.3453581e-06
 -2.2003869e-06
  1.2261019e-06
  5.5231357e-07
  4.6418963e-06
  1.5076412e-06
  1.3868208e-07
  2.0088214e-07
  4.5309309e-07
  2.0543982e-06
  1.3933368e-07
  2.4496230e-06
  3.5062959e-07
  1.2364731e-06
  2.5322558e-07
  3.6896733e-06
  2.8875155e-07
 -1.4223211e-07
 -1.6999372e-06
 -1.1496697e-06
  3.9852725e-07
 -2.1949459e-08
  1.3053021e-06
 -1.8394495e-07
  2.0479415e-06
 -9.4213611e-08
 -4.8649599e-07
 -2.3499440e-06
 -1.5814038e-06
  2.2907581e-07
 -4.6728945e-07
 -1.4091760e-06
  1.7636647e-07
 -5.3595020e-08
  1.3133646e-06
  3.2079335e-08
 -2.4631886e-06
  2.6416919e-06
 -1.0771804e-06
 -9.3613764e-08
 -2.0867108e-06
 -1.8470631e-07
 -2.2554359e-07
  1.9865133e-06
 -2.8473593e-07
 -9.9425438e-07
 -1.4429288e-06
  3.7275033e-06
  5.7825123e-06
  6.9587394e-08
 -1.3482623e-06
  9.4315965e-07
  2.0026830e-07
  6.9283249e-07
 -2.5411464e-07
  2.0603218e-06
 -1.9046220e-06
  2.8155216e-07
  1.2431150e-06
 -3.3554463e-06
  2.5409619e-07
 -1.1115498e-06
  9.5823827e-07
 -1.3525242e-06
 -3.3098906e-06
  7.5828865e-07
  2.1658796e-06
 -1.6710914e-08
  2.2571767e-06
 -1.7133750e-06
 -1.1078503e-06
  6.8457427e-07
 -1.0622866e-06
  9.1897073e-07
 -1.0782843e-06
  1.7222940e-06
 -1.3210695e-06
  1.5447293e-06
 -1.1976655e-06
  6.2802465e-06
 -3.8421419e-08
 -9.1417377e-07
  1.8341489e-06
 -4.4570655e-07
  1.3756494e-06
 -1.7086312e-06
  6.6420745e-07
  3.8432361e-07
  2.3947175e-06
 -4.5930577e-07
  4.9650026e-07
  1.5792177e-06
 -9.5762903e-07
  9.6555107e-07
  6.6319842e-08
  1.1114815e-06
  4.4624196e-07
 -7.3720872e-07
  1.2168828e-06
 -7.3159720e-07
 -1.1090940e-07
 -4.3294845e-06
  7.7962459e-06
  8.3803957e-07
 -3.3333728e-07
 -5.7751782e-07
  1.8998439e-07
  2.7885750e-07
 -3.9328611e-08
 -1.5723368e-06
 -9.6436861e-07
 -1.1466486e-06
 -7.5645710e-07
 -1.6591982e-06
  2.0077385e-08
 -1.8042796e-06
 -5.5650094e-07
 -3.4619885e-07
  1.5016086e-06
  4.0642067e-07
 -1.2190645e-06
 -9.6886890e-07
 -8.7571681e-07
 -1.2950239e-06
 -3.4424404e-06
 -2.6231370e-07
  1.1890751e-06
 -1.1709480e-07
  5.2946573e-01
 -1.5772636e+00
 -3.7308872e-01
  5.9360921e-01
 -5.9005535e-01
  8.2826662e-01
  1.2458052e-01
  2.1531011e-07
 -1.7480183e+00
  1.2507344e+00
 -2.7110025e-07
  4.9600214e-01
 -3.3108042e-06
 -5.6342025e-05
  2.2717657e-06
 -3.4644312e-01
  1.0437930e+00
 -2.3038611e-02
  6.7878389e-01
 -2.6876037e-07
  1.1426680e+00
  3.5706952e-07
 -1.8236701e+00
  2.2508167e-02
  4.3305782e-08
  3.6491573e-01
 -1.4121945e-06
  2.3349297e-05
 -1.1311026e-06
  2.2552428e-01
  1.9512153e-01
  4.8168782e-05
  1.8189780e+00
  1.1483002e-06
  2.3041337e+00
  6.0226677e-07
 -2.1910763e-03
 -2.5283707e-02
 -8.0916288e-05
  1.0344315e-05
 -1.1816734e-06
 -4.9386990e-01
 -3.4084931e-07
  1.1300359e-06
  5.3187127e-06
 -2.0819986e-07
 -5.1369909e-07
 -1.6007989e-06
 -4.1860656e-07
 -3.2575733e-07
 -7.4997570e-07
 -2.3379305e-06
 -1.8155243e-06
 -2.9335635e-07
 -3.0299640e-07
 -2.6642308e-06
  2.0069796e-08
  1.9839653e-07
 -1.8790815e-06
 -8.1691724e-07
 -1.0467303e-06
 -1.1354406e-06
  1.7593111e-06
  2.0077357e-06
  2.8480602e-07
 -5.5560093e-07
 -1.7767052e-06
  5.1453515e-07
 -2.7689796e-06
 -1.8097631e-06
 -7.8451467e-07
  1.4519247e-06
  4.7679254e-07
 -1.2610280e-06
 -4.4212975e-06
 -9.9726215e-08
 -5.6971754e-07
 -1.0972293e-07
 -1.8089480e-07
 -7.3862350e-07
 -5.6642311e-06
 -2.4125534e-06
  7.0704589e-09
 -2.0239436e-06
  1.0262490e-06
  2.2990939e-06
 -2.6224736e-08
 -8.8882736e-08
 -1.2882329e-06
  7.4735857e-07
 -8.3683199e-07
 -9.7142618e-07
  1.0315258e-06
  5.0440246e-07
 -2.2731685e-07
 -2.1066769e-07
 -2.6178561e-05
 -3.8096766e-07
  1.3923059e-01
  1.6123839e-01
 -2.1947511e-01
  5.0235766e-01
  5.3258538e-01
  1.9280696e-01
 -4.2273190e-02
  3.5280848e-06
 -4.3004015e-01
 -5.9909524e-08
 -8.3499765e-07
  1.1355430e-01
  2.4447839e-08
 -1.6264096e-07
  4.4666017e-06
 -1.2448869e+00
  7.6674253e-02
 -1.6538883e-05
  2.9555744e-01
 -2.0365235e-06
 -8.4694278e-01
  7.4509535e-07
 -2.7728400e-01
  1.7293969e-01
 -1.0766131e-06
  6.5342739e-02
  5.8009721e-07
 -2.1839792e-06
 -5.0932817e-06
 -2.4456079e-01
  5.4970187e-01
  9.8685427e-07
  2.9697153e-01
 -8.8816552e-07
  3.5707083e-01
 -3.9210769e-07
  2.4281783e-06
 -1.5926731e-01
 -5.8933047e-06
  5.0865216e-05
 -1.8293771e-07
 -7.5667542e-01
 -3.5181321e-07
 -5.2599273e-07
  8.3862723e-08
  1.0316835e-06
  4.5250528e-07
 -8.2046517e-07
  1.0758907e-06
 -2.6423965e-07
  4.3778212e-07
  1.0750298e-06
  1.1776854e-06
 -3.0171170e-06
  1.7406630e-06
  9.9286240e-07
 -1.0917869e+00
  7.4216376e-07
 -2.2798564e-01
  2.7190915e-06
 -4.4217882e-07
 -1.4539564e-06
 -6.5719678e-07
  4.1405724e-06
  5.0785991e-07
  5.8297815e-07
  1.3236392e+00
  1.4726243e-06
  5.3386426e-01
  5.9206894e-08
 -1.1866781e-09
  4.7552522e-09
 -7.2704415e-10
  5.4529774e-08
  4.9917052e-08
  1.3429369e-09
 -2.6647335e-08
  6.6476197e-10
 -2.3449799e-08
  4.5206402e-08
  2.9003361e-08
  2.9612723e-08
  4.1913246e-08
  2.1700869e-08
  3.8301482e-09
  3.6682168e-09
 -5.9565991e-08
 -6.6265056e-09
  3.1906715e-08
 -3.5480340e-08
 -3.9900709e-09
  6.6245684e-09
  3.6214221e-08
 -1.6202231e-08
 -2.9189673e-08
 -3.8252288e-08
 -3.1886319e-08
 -7.8094287e-09
  4.5298014e-09
  3.8391704e-08
  2.5215597e-08
  2.6358773e-08
 -5.9308675e-08
  3.4744687e-09
 -4.5125592e-08
  3.1234212e-08
  1.9288112e-08
  4.1344947e-08
  3.8654107e-08
  3.4156887e-08
  4.5552099e-08
  2.6687400e-10
  3.2126692e-08
  3.7391579e-09
 -5.2366387e-09
 -4.2664901e-08
  6.1958993e-10
 -7.2199740e-09
  6.3167929e-09
  7.7274933e-09
 -1.2020384e-09
  4.2873616e-08
  2.2742135e-08
 -1.7086943e-08
  1.2903050e-08
 -2.0291182e-09
 -8.3208764e-09
 -2.2678867e-08
 -1.5146329e-08
 -3.9815568e-08
 -8.7859098e-09
 -2.2512980e-08
 -9.8719698e-13
 -1.6827510e-08
 -2.0739575e-09
  1.6363574e-08
  1.1603602e-08
 -3.9734502e-08
 -4.0050029e-08
  1.2351871e-08
 -2.7496736e-08
  5.3333508e-08
  9.0463326e-09
  7.5825319e-09
  8.6117780e-09
 -5.6017697e-09
  8.6012726e-09
  2.2226622e-08
  4.2406323e-09
 -3.9502792e-09
  2.9105117e-08
  1.2264316e-08
 -3.9803826e-08
 -3.9363357e-08
  1.5527352e-08
  2.3785962e-08
  5.8863212e-09
 -3.5199285e-08
 -1.5515652e-09
  1.3286162e-06
 -9.1021655e-11
  2.2564368e-08
 -6.6863315e-09
 -3.8358863e-08
 -6.9748096e-09
  1.0074587e-08
 -1.8079975e-08
 -4.3155127e-10
 -1.0451908e-08
 -6.2216358e-08
 -8.0231388e-10
  2.9441495e-08
 -3.3335645e-08
 -1.8236678e-08
  6.6913685e-08
 -1.0953389e-08
  3.9063000e-08
 -2.2039060e-08
 -1.7368077e-08
  2.3363832e-08
 -6.2374017e-09
 -1.2071912e-08
 -1.3838194e-08
 -3.8612309e-09
  8.5212566e-09
 -7.9754736e-09
 -1.0744661e-08
  1.0862181e-09
  5.1129582e-08
  1.6366842e-08
  4.1750688e-08
 -3.4013837e-08
  2.1602727e-10
 -2.7595863e-09
  2.6572369e-08
 -4.6276507e-09
  2.0872706e-08
 -2.4036943e-08
 -3.3586186e-08
 -3.0203360e-08
 -2.3851805e-09
 -9.7067350e-09
 -3.2777237e-08
 -1.0632574e-08
  2.3764121e-08
  1.9455170e-08
  1.3963071e-09
 -8.0515790e-09
 -1.7765421e-08
 -9.4894705e-09
  4.7690838e-09
 -1.7232336e-08
  3.8700367e-08
 -2.8404870e-08
 -5.4348015e-10
  6.2641980e-08
 -1.0851702e-08
  4.0582286e-08
 -4.8334570e-08
 -6.0343956e-09
 -2.5821532e-09
  1.6103887e-09
 -3.0442979e-09
  1.2275556e-08
  2.0583705e-08
 -1.0519096e-08
  6.7711553e-10
  6.1354157e-08
 -6.2613306e-09
  4.0984037e-08
 -6.4717156e-09
 -2.8138468e-08
 -3.0517231e-08
  1.0384211e-08
 -5.4173621e-09
 -8.1172731e-09
  1.8978749e-08
 -3.2441651e-08
  1.4094700e-08
 -4.4996870e-08
  1.9145954e-08
 -6.7888939e-10
 -2.2032069e-08
  2.9415963e-08
  8.5735428e-09
  1.3660183e-08
 -3.0366241e-08
 -3.4213226e-08
  6.6453943e-08
  3.9275982e-08
 -1.8319190e-08
  2.1511056e-08
 -1.0029318e-08
 -1.2130250e-08
 -7.8361975e-09
 -3.0369021e-09
 -1.6006082e-08
 -1.2116650e-09
  2.0370917e-08
  2.5585436e-08
  2.0081400e-08
 -1.1893004e-08
 -1.3111947e-08
  1.6207192e-08
  1.6406588e-08
 -5.6012328e-09
  9.5525170e-09
  2.4505370e-08
 -1.7957062e-08
  1.6907801e-08
 -9.3925525e-09
  2.2384727e-08
  9.2900310e-09
 -4.3531411e-08
  1.8528487e-09
  1.6611885e-08
 -2.5348916e-08
 -1.3824102e-08
 -4.4184603e-08
 -2.7928474e-08
  8.6129877e-09
  5.0593405e-09
  6.9272701e-08
 -9.3224339e-10
 -1.7275610e-08
 -1.3588587e-08
 -4.8360732e-08
  1.0889563e-08
  2.2513905e-08
 -2.3131614e-08
  5.4859207e-11
  2.3684121e-08
  6.6181510e-10
  4.2857224e-08
  3.0856103e-08
 -3.2213045e-08
 -6.8089975e-08
 -4.3252135e-09
 -2.0316735e-08
 -1.7082472e-08
 -5.0977647e-08
  1.4366905e-08
  2.3413930e-08
 -2.2539483e-08
  9.3178514e-09
 -3.0505565e-09
  3.0952631e-08
 -1.3860001e-09
  3.3539134e-08
 -1.5934123e-08
 -1.7096355e-08
  7.7044234e-08
  1.9225707e-08
  1.4651785e-08
  1.2199055e-08
 -4.5347264e-09
  1.0594618e-08
 -1.2890459e-08
 -2.2656677e-08
  7.0458652e-09
  1.9927361e-08
 -5.0643976e-08
  3.0268353e-08
 -1.5163613e-08
 -2.5792339e-08
 -7.2589373e-08
  1.0644961e-08
  3.4471128e-09
 -1.2902204e-08
 -2.4458162e-08
 -2.1433653e-09
  5.5407199e-08
  1.8097065e-09
 -8.8825143e-09
  3.1804174e-08
 -2.9933435e-08
  1.7339966e-08
 -1.3542037e-08
 -2.9889485e-08
  1.0306271e-08
  1.5663765e-08
 -7.7815505e-09
 -2.4910116e-09
 -5.8062749e-08
 -9.0198133e-09
  8.1788567e-09
  5.4613309e-08
 -5.2484559e-08
  1.5815504e-08
 -1.2028974e-09
 -2.9117793e-08
  6.7829493e-09
 -1.5994697e-08
 -1.2984490e-09
  5.7655690e-08
  4.7811042e-08
 -6.4804020e-09
 -1.0258973e-08
 -3.6694040e-08
  2.1785370e-08
 -4.4101364e-10
  1.9913651e-08
  7.6088300e-09
 -3.6906249e-09
  1.9309203e-08
  7.2191817e-09
  7.8680404e-09
  6.2324079e-10
 -7.7036191e-09
 -1.9153649e-08
  1.6514998e-09
  2.4531724e-08
 -5.7593901e-08
  7.3280684e-09
  4.1360066e-09
  4.5413085e-08
 -1.5807174e-08
  9.1596144e-09
 -7.8740605e-09
 -5.7267382e-09
 -2.2668210e-08
  1.6959584e-08
 -4.4997204e-08
  4.5292317e-09
 -1.0766096e-08
  4.2524547e-08
  1.4507020e-08
  1.5450400e-08
 -1.7370638e-09
 -1.3825522e-09
  1.4336772e-08
 -1.2827369e-08
 -1.0209344e-07
 -9.8625712e-09
  3.2653742e-09
 -5.3914778e-08
 -4.9592920e-08
 -1.8157358e-08
 -1.1454332e-09
  3.0928828e-09
 -6.5519728e-08
 -2.1379812e-08
  4.2453664e-08
  2.7712683e-09
 -1.0028321e-08
  1.4368418e-08
  4.7430748e-09
  3.4497656e-08
  2.9930671e-08
 -3.8435747e-08
 -2.5584288e-08
  1.1881501e-08
  2.5014371e-08
 -5.9475973e-08
  2.2874426e-08
 -2.8339477e-08
 -3.2753395e-08
  6.2776041e-11
 -1.1961498e-08
  4.1127786e-09
  3.8188768e-09
  1.9680579e-08
  2.2017906e-08
  2.7136632e-10
 -4.3792254e-09
 -4.0427142e-09
  3.2903642e-09
 -1.7762542e-08
  4.5724748e-09
 -9.8972723e-09
  8.0625844e-09
 -2.9437308e-09
 -7.7130222e-09
 -5.6259971e-08
  7.0380319e-09
 -6.4046897e-09
  1.6835907e-08
 -1.6075306e-08
 -1.1940137e-08
  2.0107893e-09
 -5.4315863e-09
  4.9564872e-09
 -4.4666648e-09
  4.4467521e-10
 -3.3327137e-09
  8.6307130e-09
 -1.5320094e-08
 -9.3819699e-09
 -3.9578431e-08
 -1.6714608e-08
  1.2909504e-08
  1.6101509e-08
  2.0894991e-08
  1.7099651e-09
  4.6341304e-09
  2.4834879e-09
 -4.5377853e-09
 -4.6975428e-09
  4.2227793e-08
 -8.4315155e-10
 -1.0907778e-08
  1.4546010e-08
  2.1186272e-08
 -1.3575105e-08
  1.1177101e-09
  4.4338968e-09
  1.0530519e-09
  2.3614315e-09
 -4.6562409e-08
 -1.2141808e-08
  2.9805645e-07
  1.8452705e-10
 -2.7637842e-08
 -3.7629288e-08
  5.1970188e-09
  4.0620529e-09
  6.4089987e-09
 -3.5539611e-09
 -3.6091759e-08
  3.7630475e-08
 -8.3301810e-10
  8.2857179e-09
  5.3629190e-09
 -1.6354498e-08
  6.3904885e-08
  4.8867501e-09
  1.0221088e-08
  4.2224457e-08
  2.2355930e-08
 -4.3593680e-08
  1.4153450e-08
  8.3131271e-09
  4.2055426e-09
  9.9656483e-10
  4.3817067e-08
 -6.7159229e-09
  2.6029594e-09
  6.2155813e-08
 -1.9873801e-11
 -2.9343084e-08
  5.6677629e-07
 -2.3232058e-08
  5.3848277e-09
  4.8305331e-08
  5.1318221e-08
  1.8977040e-09
 -1.2117184e-08
 -2.6774053e-08
  1.8727626e-08
  5.0692673e-08
  4.8172795e-09
  5.1934389e-08
  2.7951159e-11
  1.2977724e-08
 -3.9534459e-08
 -9.9199404e-09
 -1.1065271e-08
 -1.9345792e-09
 -2.9135550e-09
 -5.7071081e-09
  1.2145680e-08
 -1.3032911e-08
 -6.0028491e-08
  1.4787185e-09
  2.6423795e-08
 -3.8260545e-08
  8.1575529e-09
 -3.4575091e-08
  7.1713959e-09
  1.3707785e-08
 -2.8494950e-08
  3.0344399e-08
 -1.3550699e-08
  3.6202618e-08
  3.1853368e-08
 -1.3278807e-09
 -3.7147032e-08
 -7.7992564e-09
  3.2556116e-08
  5.3285294e-08
 -7.6653990e-09
 -2.0135529e-08
 -6.0390349e-08
 -1.5148673e-08
 -4.7464113e-09
  1.5455733e-08
  1.5243003e-08
 -1.2055041e-08
 -6.0839973e-08
 -1.9998120e-08
  2.4735424e-08
  8.7358254e-09
 -3.7951242e-08
 -1.4652397e-09
  7.2955075e-08
  8.9764578e-09
  1.9002755e-08
  9.2771186e-09
  2.4223210e-08
 -1.7742219e-10
  1.5923638e-08
  1.5511999e-08
 -3.4473459e-08
 -2.1227324e-08
  9.0483265e-09
 -1.3172217e-08
  4.0666180e-08
  1.8845897e-08
  1.3599396e-08
  2.3120386e-08
  2.1827482e-08
 -1.3194948e-08
  2.7459881e-08
 -1.1278293e-08
 -3.9787217e-08
 -3.7729122e-09
 -7.7486630e-09
  6.1915011e-09
 -1.0335105e-08
 -3.7754372e-02
  9.4200925e-07
  7.5391269e-01
  4.5868273e-08
  6.1641692e-09
 -4.9314075e-08
  3.0482727e-01
 -4.3153427e-08
 -4.0234902e-08
  1.0907659e-06
 -7.8529704e-01
  7.6037461e-09
  1.1169188e-08
 -2.6299054e-07
  2.3355293e-01
 -5.2484785e-09
 -3.4399334e-09
 -1.5892518e-06
  8.9621615e-01
 -1.6098772e-08
 -1.5666107e-08
  1.7332702e-06
 -8.5281628e-01
 -2.2682004e-08
 -4.3826351e-09
 -1.9819254e-06
  3.1910416e-01
 -2.7646234e-09
  6.9436270e-09
 -7.0361051e-07
 -2.7617592e-01
  8.1534068e-09
 -8.2417975e-09
 -2.2191824e-07
  1.8699200e-01
  1.8853878e-08
 -6.5247145e-09
  3.1130421e-07
 -6.0462886e-01
  9.6635233e-10
 -1.2322527e-08
  4.0143222e-09
 -3.1719357e-01
  1.9375173e-09
  2.6284210e-08
  1.5710928e-06
 -2.6717681e-01
 -1.8205927e-09
  9.0226484e-09
 -1.6371745e-06
 -7.6375961e-02
  2.8832914e-09
 -5.9870078e-09
 -9.3205665e-07
 -1.6576889e+00
  2.0382794e-08
  8.5700389e-09
  4.0084905e-07
  9.2399216e-01
  2.7966967e-08
 -1.1088068e-08
  7.1054598e-07
  7.7102870e-01
 -3.1765293e-08
 -1.8036966e-08
  4.3346009e-07
  1.1912326e+00
  1.0420690e-09
 -2.5606848e-09
  3.5878525e-06
  5.6015766e-01
  1.0914399e-08
 -7.3394726e-09
 -4.7607596e-08
 -8.7325567e-01
 -4.1670415e-08
  1.9064949e-08
 -2.8864238e-07
 -1.1576004e+00
  7.6664248e-09
 -1.0767343e-08
  1.2434144e-07
 -1.2816153e-01
  4.7852602e-09
 -2.2881123e-08
  1.5950333e-07
  3.9098105e-01
 -4.3370756e-09
 -3.6237246e-08
 -5.4072751e-07
 -6.4542317e-01
  1.0070088e-08
  2.7044404e-08
 -5.7252367e-07
  1.4536349e+00
  3.3488000e-08
  2.4780501e-08
  3.7286931e-08
 -8.1170535e-01
 -2.4193282e-08
  1.8023872e-08
  4.1633294e-07
 -9.5823896e-01
  3.3215799e-09
  1.2052506e-08
  1.7114212e-06
  3.9400926e-01
 -2.4606001e-08
 -1.0149490e-08
 -1.1139726e-06
  1.3750497e+00
 -2.3138972e-08
 -2.1107194e-08
  1.0627653e-06
 -3.4663829e-01
  6.6857688e-09
  7.7626368e-09
  8.8723556e-07
 -7.9798067e-01
 -2.0693237e-08
 -2.2178694e-08
 -1.5879403e-06
 -8.5551465e-01
  5.8006804e-09
  1.3949100e-08
 -1.4088220e-06
  1.3112479e+00
 -5.6418873e-08
  6.2918191e-09
 -4.3688595e-07
  9.3498522e-01
  2.2782496e-08
  3.8086046e-08
 -8.5642193e-07
  1.3087711e-01
 -6.7760997e-09
 -2.9783438e-09
 -6.4522339e-07
  5.6905663e-01
 -6.5732735e-09
  2.5994826e-08
 -9.2369701e-06
 -4.0936735e-01
  4.0266997e-08
  5.6171681e-09
  2.8468726e-06
  8.4085137e-01
  4.0748116e-09
  4.1445734e-08
 -5.4269486e-07
 -3.9039318e-02
  1.6304885e-09
  3.2719674e-09
  1.1807650e-08
 -2.7877897e-02
 -2.8514886e-08
  4.5201936e-08
 -2.0515805e-07
  1.2607607e-01
  1.3312301e-08
  4.0970594e-08
 -1.0980289e-06
  1.6908848e+00
 -9.3658770e-10
  4.9272328e-09
 -8.4348966e-07
  6.2014383e-01
 -1.9018382e-09
  6.4344694e-09
  7.9918260e-07
  8.8176417e-01
 -3.9512646e-09
 -2.0613020e-09
 -3.5922730e-07
  3.3177441e-01
 -3.9971201e-08
 -2.1014188e-08
  1.2020605e-07
  1.2023001e-01
  4.9111144e-08
  3.8500274e-09
 -1.0325389e-07
 -5.5088308e-02
 -1.1190733e-08
 -1.0249996e-08
  1.2623693e-07
 -6.4949179e-01
 -1.5243035e-08
  2.9911627e-09
 -4.3326170e-07
 -1.2358650e+00
  5.0413815e-09
  1.9510766e-08
  4.4115836e-08
 -2.5591034e-01
 -8.2792170e-08
 -6.6876204e-08
 -1.5686936e-06
 -7.7244535e-02
  9.1920898e-09
 -3.2073444e-10
 -3.2587607e-07
 -4.4063342e-01
  5.1198768e-08
  7.0941168e-09
  2.6053565e-06
  2.8836893e-02
 -7.3711584e-09
 -1.8342906e-08
 -2.7627523e-06
  6.8588704e-01
 -6.4213608e-09
  1.9446434e-08
  2.1966866e-06
 -3.0325928e-01
 -1.7818204e-08
  3.0107323e-08
 -1.0275764e-06
 -5.3795552e-01
 -3.0440059e-09
 -9.8915240e-09
 -5.2573810e-06
  7.1231592e-01
 -4.4652095e-09
 -2.2086478e-08
 -2.1181970e-05
 -3.2173640e-01
  6.3371397e-09
 -1.6886327e-08
 -6.1335936e-07
  5.1640421e-01
 -9.0521035e-10
  3.5243112e-08
 -7.0600089e-07
  9.7271460e-01
  3.8363956e-09
 -1.3120088e-08
 -3.7185291e-08
 -2.0500937e-01
 -1.7017710e-08
 -2.0853635e-08
 -7.2796189e-07
 -4.6273234e-01
  2.0887638e-08
  1.6106448e-08
 -7.3870578e-06
  1.1805768e-01
  7.4283456e-08
 -2.7270932e-08
  1.7019971e-07
  1.6505864e+00
 -6.6452430e-09
  9.4979191e-10
 -9.7608144e-08
  4.5137239e-01
 -5.4972036e-09
  8.5071417e-09
 -1.2889261e-06
  2.8765443e-01
 -3.3069842e-08
 -3.6808107e-10
 -6.0752814e-07
 -6.0939401e-01
 -1.9194209e-08
 -1.2166792e-09
  8.4420407e-07
 -3.3832037e-01
 -3.5881207e-08
 -1.5175494e-09
 -2.7752401e-08
 -5.0763917e-01
 -1.0167543e-08
 -1.1578307e-09
 -2.2266097e-07
  3.5220504e-02
 -1.6518953e-08
  5.3116366e-08
 -3.4550206e-07
  8.6007485e-06
 -1.7987105e-08
  2.9853894e-08
 -1.2128012e-07
 -4.9729887e-01
 -4.4618300e-09
 -1.1648127e-08
  6.1573849e-07
 -7.8362711e-02
  7.5194615e-09
 -1.2121235e-08
 -2.5739340e-07
  1.4027837e-01
 -2.6960542e-08
  1.6752370e-08
 -7.6136524e-07
  9.8129541e-01
  1.6695026e-08
 -1.3359370e-08
  3.0449061e-07
  2.6348913e-01
 -1.1379199e-08
  1.7626371e-08
  6.4065921e-07
 -1.8871993e-01
  8.2083513e-09
  3.1623582e-09
  3.0164756e-06
 -2.2954698e-07
  2.8091916e-08
 -1.3891085e-08
 -3.4196700e-07
  6.7977368e-07
 -7.6329547e-09
 -1.2258547e-08
  3.2028563e-06
  9.0055261e-07
  1.6569246e-08
  5.5046886e-08
 -7.6065916e-08
 -4.9410605e-06
  2.4153307e-08
 -6.2575118e-08
 -6.7266393e-07
  1.4972575e-07
 -4.4246322e-09
  2.4992572e-08
  2.8235440e-06
 -6.9744340e-07
 -3.1230627e-08
 -1.3103306e-08
 -6.2187416e-07
  1.5244530e-06
  2.2353827e-08
  2.8206284e-08
  4.7969689e-07
 -1.2003279e-07
 -4.5439705e-08
 -6.0760541e-08
 -1.3518449e-07
 -6.9971357e-08
  2.8797755e-08
 -1.2725470e-09
 -5.8954356e-06
  1.7804613e-06
 -2.3354465e-09
  1.3876901e-08
 -8.2239529e-07
  1.1922751e-06
 -1.4765265e-08
  5.0977285e-09
  4.5528999e-08
  6.8697364e-07
 -1.8742565e-08
 -1.5612800e-08
  2.2533397e-06
  1.1607480e-01
  2.9201098e-08
 -7.7345481e-09
  9.6426186e-07
 -1.8488832e-01
 -3.7496015e-08
  4.2851276e-08
 -5.5586348e-08
  1.2226826e-05
  1.0755596e-08
 -4.2496133e-08
  2.9544685e-08
 -8.7929904e-01
  3.0999768e-08
  1.2403467e-08
  4.7371623e-07
  9.7039533e-01
  2.3418824e-08
  2.9307927e-08
 -6.6670731e-07
 -5.8904725e-01
 -9.0861585e-09
  5.1032071e-08
 -2.4270678e-06
  3.0285972e-01
  2.9423061e-08
 -1.5149592e-09
  3.0612063e-07
  1.5527104e+00
 -8.1242275e-09
  1.2089328e-08
  3.4022925e-08
 -9.2124820e-01
  7.7329769e-09
 -3.7967283e-09
  9.8353860e-07
 -7.3865813e-01
 -8.9740055e-09
 -2.2391166e-08
  1.0806854e-06
  1.7418113e+00
 -1.2421160e-08
  3.7069366e-08
 -2.3604571e-07
 -2.7046490e-01
 -1.0663443e-08
  1.5454502e-08
 -1.7541471e-06
  3.1845350e-02
 -1.1055077e-08
  8.8878560e-10
  3.2922662e-07
  9.9230363e-07
 -1.2388063e-08
 -2.0773372e-08
  1.7027999e-09
 -8.0462617e-01
  1.8217664e-08
  2.8189854e-08
  2.6679328e-07
  1.3608751e-01
  2.1959696e-08
 -8.2463963e-08
  2.5926136e-06
  1.9769928e-01
 -1.2408545e-08
  3.9158241e-08
  2.8941849e-07
  2.7553910e-01
  1.6287400e-08
  1.2604902e-08
  2.4965148e-06
 -6.1873221e-01
  1.7937982e-08
  6.8548633e-09
  9.5910480e-08
 -5.6441486e-01
 -4.3107740e-09
 -5.9530599e-08
  1.5401016e-06
  9.9425572e-01
 -4.3777494e-08
 -4.6552831e-08
 -8.5213662e-07
  1.4379349e+00
 -5.6589585e-08
  4.5262656e-08
  5.4301591e-07
  3.8956672e-01
 -4.8930605e-08
  4.1440229e-09
  3.2216144e-07
  5.3618573e-05
  8.2034317e-09
 -2.4177556e-08
 -1.9213056e-07
 -5.7457932e-08
 -1.8201624e-09
  1.5279303e-08
  1.0175706e-06
  1.4019441e-06
  2.0615735e-08
  1.5929757e-08
 -3.5412802e-07
  1.0825735e-01
 -1.6546838e-09
 -3.2058086e-08
  1.5218967e-06
 -2.3381287e-01
 -6.3838450e-09
 -4.5959233e-08
 -1.3126003e-06
  3.7857249e-06
  3.3848561e-08
 -4.6006395e-08
  1.7874377e-06
 -4.4820547e-02
  1.6372367e-08
 -5.5495891e-10
  2.7105159e-06
  9.0776525e-02
  3.4640262e-08
  3.0236492e-08
  1.2880523e-07
 -3.4386113e-02
 -8.1636431e-09
  5.1412835e-10
 -1.0930958e-06
 -8.7022116e-08
  1.0723058e-09
 -2.3582462e-08
  1.1010623e-06
  6.9233805e-01
 -3.2061060e-08
  3.5323254e-08
  2.5332201e-09
 -1.6033410e+00
 -1.2797327e-08
 -2.9717102e-08
  1.9320282e-06
 -2.4607721e-06
 -1.5207636e-08
  3.1941219e-08
  4.2069547e-07
  9.7363782e-01
  2.2293216e-08
 -3.2469284e-08
 -1.3041628e-07
  5.1745558e-01
  7.5682181e-09
 -3.1626374e-08
  1.1666014e-06
 -1.5493579e+00
  8.2729859e-09
  9.6995812e-08
  6.9608438e-07
 -5.4281747e-01
 -6.3503369e-11
  2.5417817e-08
  6.6312367e-07
 -2.6367471e-01
  2.3536099e-08
 -1.3760801e-08
 -2.7894150e-06
  3.0826139e-01
  1.0331065e-08
  6.1316787e-09
 -8.2512798e-07
 -6.1847913e-01
 -2.9218001e-09
 -2.7069371e-08
  2.1177868e-06
 -2.2062106e+00
  7.3382154e-08
  4.0083819e-08
  6.1652258e-07
  2.0384492e-07
  5.2537366e-08
  2.2280506e-08
 -8.7063711e-07
 -1.7354926e-06
 -1.6559728e-08
  2.9997299e-08
 -6.7655932e-08
 -1.7623061e-06
  2.7432125e-09
 -3.0895340e-08
  8.1532806e-07
  6.1273465e-07
  2.2715595e-08
  1.3633084e-08
  1.3404483e-06
  2.2390196e-07
  8.5298296e-08
  1.8916804e-09
  1.5155505e-06
 -7.6574111e-07
  1.2208067e-08
  1.3962817e-08
 -7.4691150e-07
 -5.0533180e-07
  1.1826683e-09
  9.9076543e-09
  1.7980703e-08
 -8.5277549e-07
  1.4391137e-09
  1.3686168e-09
 -4.7445454e-08
  7.9019901e-07
  4.2968615e-08
 -5.1331388e-09
  1.1757995e-06
 -3.5780189e-07
 -3.2023976e-08
 -7.4112809e-09
  9.2423500e-07
 -2.8442503e-07
 -1.8735385e-10
  4.4664571e-08
  3.0811592e-07
  9.7406811e-01
  3.0470947e-06
 -2.1057598e-08
  1.5941839e-06
  2.1046827e+00
  1.8882350e-08
 -1.6341581e-08
 -4.1063103e-07
 -9.1161992e-06
 -1.5207119e-08
  6.5737673e-09
  6.6041089e-08
  3.2610452e-01
 -1.0907785e-09
 -2.2111594e-08
  2.0593428e-07
  2.6361287e-01
  9.3020001e-09
 -2.3895979e-08
 -1.0427389e-06
 -7.7771521e-01
 -7.9441642e-10
 -1.7547968e-08
  1.3287146e-07
  3.9056346e-01
 -3.9552649e-08
  4.1480588e-10
 -1.6414040e-06
  9.0027893e-01
 -8.5055074e-09
  1.0020472e-07
 -7.1621605e-07
 -4.2720529e-01
 -6.7193651e-09
  3.5523961e-08
 -2.2866116e-06
  8.9365685e-01
 -1.6135989e-08
 -1.2627606e-08
 -1.2907582e-06
  1.3854086e+00
 -3.6979138e-08
 -1.0151595e-08
  6.3344860e-01
  6.3344860e-01
  6.3344860e-01
  6.3344860e-01
  6.3344860e-01
  6.3344860e-01
  6.3344860e-01
  9.7110532e-02
  9.7110532e-02
  9.7110532e-02
  9.7110532e-02
  9.7110532e-02
  9.7110532e-02
  9.7110532e-02
  6.5141134e-02
  6.5141134e-02
  6.5141134e-02
  6.5141134e-02
  6.5141134e-02
  6.5141134e-02
  6.5141134e-02
  4.1618794e-02
  4.1618794e-02
  4.1618794e-02
  4.1618794e-02
  4.1618794e-02
  4.1618794e-02
  4.1618794e-02
  3.6189519e-02
  3.6189519e-02
  3.6189519e-02
  3.6189519e-02
  3.6189519e-02
  3.6189519e-02
  3.6189519e-02
  3.7224475e-02
  3.7224475e-02
  3.7224475e-02
  3.7224475e-02
  3.7224475e-02
  3.7224475e-02
  3.7224475e-02
  2.0208117e-02
  2.0208117e-02
  2.0208117e-02
  2.0208117e-02
  2.0208117e-02
  2.0208117e-02
  2.0208117e-02
