nep4_polarizability 2 C O 
cutoff 6 4 2 2
n_max 6 6
basis_size 10 10
l_max 4 2 1
ANN 10 0
 -1.1662867e-06
 -1.6274278e-07
  8.8090442e-09
 -3.8390365e-07
 -3.1537434e-07
 -3.8692349e-07
 -1.2627368e-07
  9.4551901e-08
  1.9901789e-07
 -1.0552143e-06
  1.1625492e-06
  1.9949202e-07
 -2.3044871e-07
 -1.1393905e-06
  7.0137368e-08
  2.3971859e-07
 -1.3750441e-07
 -1.0047152e-06
  1.2372381e-06
 -8.1615457e-07
 -1.0985784e-06
 -8.8900686e-07
  5.1119378e-07
 -6.6962122e-07
 -6.7454152e-07
  4.8779492e-07
  1.7845663e-06
  6.5004556e-08
  1.5584322e-07
 -2.9325744e-07
 -8.8214364e-07
 -7.2722213e-07
 -5.9013649e-07
 -1.1861059e-06
 -4.0326350e-07
  5.2805257e-07
  8.9012201e-07
 -7.9940736e-07
  7.2878993e-07
  8.3876654e-07
  1.1877027e-07
  1.6295269e-07
 -5.9332287e-08
 -1.1263464e-07
  4.0445974e-07
 -4.8499118e-07
 -1.7668404e-07
  2.8303864e-07
  2.5045043e-07
  6.0689700e-07
 -6.1688922e-07
  1.6708000e-07
 -8.4146512e-07
 -2.1499049e-07
 -9.4273014e-07
  1.2167169e-07
 -2.3612166e-07
 -1.8032036e-07
 -1.7124623e-06
 -5.8570726e-07
  1.4449427e-07
 -2.9558143e-07
  1.4245912e-06
 -3.7664032e-07
 -8.0741677e-07
  2.1879117e-08
  3.4934300e-07
 -1.5372667e-08
 -2.0221506e-08
 -7.5819933e-08
  3.8820636e-07
  4.7656658e-07
  5.6383260e-07
  6.9500720e-07
  2.4704951e-07
 -1.4583441e-07
 -8.9452172e-08
 -2.4258225e-07
  2.1290984e-07
 -3.3031100e-07
  2.3539756e-07
  1.0788135e-06
  1.3178061e-07
 -1.9729032e-07
  7.8150304e-09
  2.0818702e-06
  1.0822732e-07
 -1.7012011e-06
 -2.6614507e-07
 -3.0737169e-07
 -6.5853737e-07
 -8.2414040e-08
 -7.2575796e-07
  3.2010320e-07
 -1.5270166e-07
 -1.3789202e-08
 -4.3214450e-07
  8.7853556e-07
 -4.2104907e-07
 -1.5187844e-07
 -7.5220288e-07
 -3.7230890e-07
 -8.0286515e-07
 -3.4806578e-07
 -2.4407720e-07
  2.0003753e-07
 -1.2015262e-07
  4.6741070e-07
 -6.6789630e-07
  9.7701354e-07
 -4.3567803e-07
 -2.6424925e-07
  8.1830689e-07
 -8.4904354e-07
  1.2248607e-06
  3.3151670e-07
 -6.6566355e-07
  4.2549701e-07
 -5.9250010e-07
  8.9826659e-07
  6.1758141e-07
  3.0228713e-07
 -1.1477175e-10
  9.7025833e-08
 -1.0976697e-07
 -1.6667570e-07
 -4.2419884e-07
 -5.6918662e-07
  1.0036140e-06
  2.1661381e-07
  1.3562476e-07
 -1.0368889e-06
  8.8960462e-07
  1.7037261e-06
 -3.5033405e-05
  7.3770741e-07
  4.2382609e-07
 -9.4209742e-07
 -7.8904588e-07
 -1.5113018e-06
  1.8135300e-06
  4.9791214e-07
  9.4019549e-07
  1.2024882e-06
 -1.3994617e-06
  7.6305201e-07
 -1.2460808e-06
 -5.1653810e-08
  9.2964581e-07
 -7.4028826e-08
  1.6342467e-06
 -7.5230201e-07
 -4.7140614e-07
  7.6870087e-08
  4.3710184e-08
 -8.5336359e-07
  3.7325691e-07
 -1.2482956e-06
  3.9960955e-07
 -4.4195482e-07
 -3.1090775e-07
 -7.3317307e-07
  2.7943426e-07
 -3.9698702e-07
 -6.2731385e-07
 -1.3770558e-06
 -6.4098992e-07
 -8.8599439e-09
  6.6989156e-07
  4.1853247e-07
  7.1534669e-07
  1.9092988e-06
  4.2005755e-07
  2.5758058e-07
  2.9240289e-07
  9.5889462e-08
  2.2358634e-07
  1.9001982e-06
 -4.6359654e-07
 -4.2722806e-07
  5.4015464e-07
 -6.1471519e-07
  5.0763568e-08
  2.8615927e-08
  6.4973136e-08
 -7.7353553e-07
 -7.8321676e-07
  2.6024990e-08
  9.4471937e-07
  1.1616816e-06
 -7.7998828e-07
  3.3012295e-06
 -4.4921837e-08
  2.4687216e-07
 -5.0779203e-08
 -8.9398512e-08
  2.4271924e-07
 -3.4755281e-08
  6.4805398e-08
  2.0481291e-06
 -4.0667192e-07
  7.6998941e-07
 -4.9861984e-07
 -2.5366128e-07
 -5.3905359e-07
  1.2071744e-06
  3.9844571e-07
 -2.0183631e-07
  3.8142602e-07
  1.7582236e-07
  1.0661325e-06
 -1.7911134e-07
 -2.6657128e-07
  1.1991040e-07
  1.8388194e-07
  2.3334401e-07
 -8.9407990e-07
 -2.8801279e-07
  1.5535952e-07
 -6.4984016e-07
  5.3079941e-07
  4.3576168e-07
 -1.3682524e-07
 -4.4077771e-07
 -5.8377037e-07
 -1.8957289e-06
 -1.9824076e-07
 -5.8437667e-08
 -6.1931092e-07
  1.0402341e-07
 -3.2445300e-07
 -2.3042270e-07
 -8.7271815e-07
 -3.9989050e-07
 -6.6018778e-08
  6.4221103e-07
 -2.2527017e-07
  5.8217836e-07
  2.0750547e-07
  1.0061926e-07
 -5.8374326e-07
  5.4103208e-07
 -3.8315807e-07
  1.9261868e-06
 -5.6930656e-07
 -3.2794688e-08
 -2.6914611e-06
 -3.0728481e-07
 -1.2709534e-06
 -6.3880742e-07
  1.8206097e-07
 -1.5429850e-06
 -3.5813119e-07
  2.8786246e-07
  1.5499261e-06
 -6.9366291e-07
 -6.0623279e-08
  3.5845016e-08
 -8.5314156e-07
 -4.8029443e-07
 -4.2438961e-07
 -6.7957089e-08
  6.9516183e-08
  5.2529590e-08
  1.5464491e-07
  3.7367178e-07
 -4.9151015e-07
  4.6242315e-07
  2.4351641e-07
 -2.8633127e-07
 -6.2449445e-08
 -9.1474811e-07
 -1.2028137e-06
 -2.0541870e-06
  7.4867654e-07
  6.3341247e-07
  9.1434640e-07
  6.0436258e-07
  7.3222122e-07
 -4.9632723e-07
 -3.1257815e-07
 -2.4836109e-07
  8.8026593e-07
  5.0712293e-07
  1.0328888e-06
  2.6336672e-08
 -2.9677702e-07
 -6.2356958e-07
 -6.8822317e-07
 -1.0033375e-06
  5.8386870e-08
 -3.1903403e-07
  1.3426718e-06
  4.8767953e-07
 -3.3686888e-06
  1.2226830e-07
  4.8605199e-07
  2.5964283e-07
  2.5994891e-07
 -1.3924344e-08
 -9.9987324e-07
 -5.7589109e-08
 -3.0912886e-07
 -4.6742031e-08
 -2.6973407e-07
 -5.2340260e-07
 -3.6774873e-07
 -1.7402620e-06
 -1.2324380e-06
 -6.1531227e-07
  2.3686387e-06
 -3.6542492e-06
  8.1383497e-08
  7.7149059e-07
 -1.9096829e-07
 -2.3284375e-07
 -9.3417236e-07
  5.6494230e-07
  2.6832524e-07
  8.0256501e-07
 -8.8530737e-07
  1.9030578e-07
 -8.5669518e-07
  5.2983142e-07
 -1.2848047e-07
  8.7359851e-08
 -5.5176815e-07
 -8.4295827e-08
 -8.0185039e-08
  1.0377834e-06
  9.5308707e-07
 -1.2608394e-06
  1.5737317e-09
  1.2146144e-07
  8.0217308e-07
  9.8660649e-08
  3.7067331e-08
  1.0738845e-06
  8.8439258e-08
  2.0258609e-07
  7.5056829e-07
  4.1441702e-08
  1.1349241e-07
  2.4685747e-07
  4.8255583e-07
 -6.3377300e-08
  1.6604737e-07
 -4.3669320e-07
  1.3721597e-08
 -1.4855362e-08
  7.7135724e-08
  1.3102211e-06
  3.6618908e-07
  2.7344433e-07
  1.3557326e-07
 -6.0210783e-07
  9.3018222e-08
 -1.2944295e-07
 -1.0744742e-06
  1.1280414e-07
 -2.8769827e-08
 -7.3315994e-07
 -4.9079716e-08
 -5.5488920e-07
 -1.4339286e-06
 -5.6658742e-08
  2.1326055e-07
  3.9728710e-07
 -1.4518726e-08
  1.0679501e-06
 -1.0210773e-07
 -5.2964862e-07
 -4.0609035e-07
 -1.8188746e-07
 -2.1311553e-07
 -5.4456206e-07
 -4.1768857e-07
 -1.3729887e-06
 -6.0588104e-07
 -7.6006984e-08
 -1.6484810e-07
  7.2301259e-07
  9.9819340e-07
 -8.3293656e-07
  2.0867100e-07
  8.8095368e-07
  2.7721262e-07
  2.4643541e-07
  2.0750326e-06
 -4.1505595e-07
 -5.3415317e-07
  4.7544640e-07
  1.6933274e-06
  1.7140296e-06
  5.1880153e-07
  3.4483679e-07
  1.6423023e-06
  4.8203144e-09
 -9.7296088e-08
  5.4300834e-08
  1.8642489e-06
 -1.1753956e-06
 -1.0779397e-07
 -1.4730337e-07
  1.8975634e-07
 -6.7414732e-07
 -1.0125925e-07
 -1.2370853e-07
  2.0467567e-07
  4.2034921e-07
 -5.1847284e-08
  8.4614861e-08
 -4.5154710e-08
 -8.2061371e-07
  1.0026778e-07
  1.5582080e-07
 -9.0038419e-08
 -6.9364688e-08
  8.6449330e-07
  4.3834791e-07
 -5.1812799e-07
 -1.2894055e-06
 -1.0786447e-06
  7.7649226e-08
 -1.5903908e-07
  2.7359914e-07
  1.1636871e-07
  1.3997148e-07
 -2.9157420e-07
  1.7372098e-07
 -5.5168158e-07
  1.5406886e-07
 -3.8825970e-08
  1.1786187e-06
  1.7568176e-06
  5.1869347e-07
 -9.2853981e-07
  3.1775252e-07
  8.1359644e-08
 -3.7995062e-07
  1.6297751e-08
  4.4151977e-07
  3.6599988e-07
  5.7415537e-07
  3.1272040e-07
  8.7305601e-08
 -1.9688757e-07
  4.0480677e-07
  9.9930435e-07
  1.2539452e-07
 -1.0058239e-06
 -4.1207090e-07
  8.3482132e-07
 -3.9446235e-07
 -2.4185324e-06
 -8.4367241e-07
  7.7872431e-07
  9.6754161e-07
 -9.1012502e-08
  7.0895425e-07
 -7.4374107e-08
  5.0356135e-07
  2.7746430e-07
 -1.1597557e-07
 -5.6830970e-07
  1.6973657e-07
 -1.5717724e-07
 -3.0501164e-07
  5.1662560e-08
  4.2235700e-07
 -3.7955789e-07
  1.5418791e-06
 -6.7870559e-07
  8.7901361e-07
 -1.4616502e-06
 -1.7747419e-07
  5.3496058e-07
 -1.9695659e-07
 -1.4943768e-07
  1.3946784e-07
  1.2912261e-07
  1.3719522e-07
 -1.6706191e-07
  7.3611517e-07
  7.8569947e-08
 -8.5105489e-07
 -5.2263664e-07
 -2.7617850e-07
  6.1329263e-07
  5.0739243e-07
 -1.9910560e-07
 -4.5243141e-07
  2.3898679e-07
  3.9658056e-07
  2.2421871e-07
 -5.2456829e-07
 -7.0717682e-08
 -1.3951746e-06
  9.1271176e-08
 -6.8966848e-08
 -3.8722263e-07
  4.1894845e-07
 -3.8611955e-07
  2.1131110e-07
 -6.9793379e-07
 -1.0320735e-07
 -5.3866012e-07
 -1.3314848e-07
  3.5049322e-07
  4.6874058e-07
 -8.4472458e-06
  3.4139723e-06
 -1.3021311e-02
 -4.3413020e-06
 -4.2619167e-06
 -7.7475497e-06
 -5.8282621e-06
  1.3073698e-06
 -8.1536618e-06
 -1.1487776e-06
  3.1274710e-06
  8.5927627e-07
  5.6971221e-06
 -4.9677840e-07
  2.5277000e-06
  1.3015710e-07
 -8.3223604e-06
 -9.3135822e-07
  3.3143024e-06
 -8.3240475e-06
 -2.2991737e-06
 -2.9990570e-06
  5.7379032e-07
 -2.4815665e-06
  1.4994266e-07
 -1.3573857e-06
 -1.4666006e-05
  5.7783313e-07
  5.4357165e-06
  1.7215726e-06
  1.5609209e-06
  3.2886787e-06
 -6.3375887e-06
 -3.7116508e-06
  4.1525559e-06
  1.6665260e-06
  1.0699421e-06
  5.4733559e-06
  1.3904925e-06
 -1.0836447e-06
 -1.4923484e-07
  2.6114678e-06
  7.3819187e-06
  3.7230798e-06
  4.5422498e-06
 -2.6648439e-07
 -7.8622708e-07
 -5.0031654e-06
 -8.8528477e-06
 -3.6858066e-06
 -4.2538732e-06
  1.5023923e-05
 -3.2705038e-06
 -5.3247795e-06
 -2.6761550e-06
  3.7849575e-06
  8.7507755e-07
 -3.6062482e-07
 -1.0948157e-07
  3.4172147e-06
 -6.1895400e-07
  2.1886035e-06
  3.6946275e-07
 -1.9694006e-07
  2.1715389e-06
 -8.3787296e-07
 -8.3673854e-07
 -2.8355561e-07
 -8.9606156e-06
  1.3310130e-07
  4.6836531e-06
 -9.7445002e-07
  8.1982691e-08
  1.2714752e-06
  6.1366281e-06
 -8.9089599e-06
  1.4948262e-06
  4.7620401e-07
  1.5663227e-07
  4.7488953e-08
  5.0069480e-06
  5.0390236e-07
 -1.4357931e-05
 -1.6174128e-07
 -1.1695927e-06
  3.2993119e-06
 -1.3965908e-06
 -6.1087161e-07
 -2.3239600e-06
  1.1419401e-05
  8.0081263e-06
  6.1106044e-07
  9.2456958e-06
  4.5028253e-07
 -1.9192921e-06
 -1.0407089e-06
  5.7603887e-07
 -1.6786906e-06
  9.7536949e-06
 -1.3236288e-06
 -1.1115176e-06
 -1.0394926e-06
 -7.6446076e-06
 -3.9066877e-06
  4.5751085e-07
 -1.4731155e-06
 -2.3921880e-06
 -1.4376619e-06
 -2.2715173e-07
 -1.3477032e-06
  5.4231032e-06
  2.4943627e-06
  1.0918447e-05
 -5.5372147e-06
 -9.0907668e-07
 -1.9000106e-06
 -9.9672798e-07
  3.5610162e-06
 -6.0338566e-06
 -9.0774137e-07
  1.6302372e-06
  2.3477953e-06
  6.1163705e-06
 -1.3703335e-06
 -6.3768039e-07
 -2.6296693e-06
  1.5396456e-06
  6.4184439e-07
 -3.2051410e-06
 -2.5633612e-06
 -1.3248440e-06
 -1.2021528e-06
  2.1739545e-07
 -3.7125517e-07
  4.9291594e-07
 -2.4889243e-06
  5.9082419e-07
  8.8908155e-07
  2.8191630e-06
  1.7912168e-06
 -2.2412308e-07
 -1.2265386e-06
 -6.9111493e-06
  2.5526238e-06
  2.5700633e-06
  2.5592842e-06
  6.5056024e-06
 -1.7510064e+00
 -1.2226300e+00
  1.2941788e-01
  1.3861797e+00
 -2.7001241e-01
 -9.8673475e-01
  1.0356021e-02
  3.5621065e-07
 -4.2504726e-06
 -2.1715737e-06
  2.5906629e-06
 -7.1469981e-06
  1.1919482e+00
 -1.1597628e-07
  4.2805955e-06
  4.8569206e-07
  2.0569635e-06
 -3.5152029e-06
 -1.9442848e-06
  1.3883431e-03
  2.1208746e-06
  2.5926880e-07
  2.2057370e-06
 -1.5064137e-06
  2.1261117e-06
  3.9344463e-06
 -5.0463438e-01
 -6.7042782e-07
  4.2198164e-07
  3.6440624e-06
 -3.4500865e-06
  7.9696025e-07
  3.7277671e-06
 -1.0018860e-02
 -1.3931439e-06
 -3.3515314e-06
  1.4760896e-07
 -4.9840884e-07
 -5.3659255e-06
  4.5342699e-06
 -2.4391089e-05
  3.0482245e-06
 -2.0135835e-06
  3.2960003e-07
  5.0823780e-07
 -5.9783861e-06
  1.7895298e-06
  1.8471084e-05
 -1.9528083e-07
 -9.4877377e-02
  3.2669204e-01
  3.1133860e-01
 -5.8365768e-01
  3.6872104e-01
  1.8551758e-01
 -1.4914568e-01
  2.2759864e-06
 -3.1568542e-01
  1.3094680e-06
 -7.6532342e-07
 -4.8466754e-06
 -1.5258795e-02
  1.5068337e-06
  1.1167067e-06
  2.3097908e-01
 -2.0507073e-07
 -1.0378590e-06
  1.1182104e-06
  1.0537084e+00
  9.8373785e-06
  6.5853362e-07
  2.1780773e-01
  3.0762880e-07
  1.7657356e-05
  2.6406603e-06
 -8.2064933e-01
 -8.8786169e-07
 -1.0875208e-06
  5.4664654e-01
 -2.4157473e-06
  1.0315306e-06
 -3.5316625e-06
 -8.8880336e-01
  1.7339444e-07
 -1.0482308e-05
 -3.4633678e-05
  1.7127720e-06
  2.1133039e-07
 -2.6510293e-06
 -3.7968975e-01
 -2.5037120e-06
  6.9642074e-09
  2.9861305e-06
 -4.9040307e-07
  1.5289162e-06
  2.2488346e-06
  5.5612928e-01
  2.0473990e-06
 -3.5294056e-06
  1.5429767e-05
  1.2445621e-06
 -1.3105914e-06
  1.9188872e-06
 -3.1993360e-07
 -6.3116040e-06
 -3.9691290e-06
  3.1243892e-06
 -2.5933832e-07
  1.6232774e-06
  2.2509059e-06
 -4.9532787e-06
 -1.8670072e-08
 -1.0159066e-07
 -9.8798614e-07
  2.6190523e-06
  1.5459492e-06
 -3.2303413e-07
 -1.2679714e-06
 -6.0920147e-06
 -2.5207501e-06
 -5.8963697e-06
  3.5194823e-06
 -2.2575771e-06
 -4.8216052e-06
 -1.1798448e-06
  3.2572677e-06
  3.6891670e-06
  1.8843364e-06
  7.8212651e-07
 -3.8191115e-07
 -4.8782226e-06
  2.9060552e-06
 -2.0318055e-06
  1.5169215e-06
 -7.1557054e-07
  3.7316329e-06
  2.9549037e-06
 -3.4178222e-06
 -2.5100423e-06
  1.1841214e-06
  2.4570093e-07
 -2.2432835e-06
 -2.8333858e-08
  3.0267265e-07
  1.3825330e-07
  9.8065073e-07
  1.6169419e-06
 -4.1012296e-01
 -4.1522235e-01
  4.5346600e-01
  9.2108136e-01
  5.4520631e-01
 -6.5188152e-01
 -6.8210179e-01
 -7.1570872e-07
  9.0644822e-02
 -9.0579775e-08
  1.3147437e-06
  1.8017620e-06
 -9.9760544e-01
  1.3891955e-06
 -7.7858876e-06
  2.3014687e-01
  8.3941308e-07
 -2.5058696e-06
 -1.5784416e-06
  2.1976714e-01
 -1.3657037e-06
  1.7525130e-05
  3.1860349e-01
  4.0697014e-06
  1.9140241e-06
 -2.2849133e-06
  2.2004201e+00
  3.1921488e-06
  2.5252780e-06
  3.8720093e-05
  1.0215431e-05
 -1.6276949e-06
  1.2976367e-06
  3.5192613e-02
  3.4115403e-06
  1.6855980e-06
  6.0465203e-07
  3.2754591e-07
 -9.2904475e-07
 -4.3032951e-06
 -1.3311297e-01
  4.8167744e-06
  4.0552281e-06
 -5.2704252e-07
 -2.2198831e-06
 -5.5750796e-08
  1.0677983e-06
  3.5807329e-01
 -2.4780181e-06
  1.6580741e+00
  3.1632739e-01
  4.4993123e-01
 -2.2198036e+00
  1.1979679e+00
 -2.9962528e-01
  4.3228074e-06
 -4.0064532e-07
 -7.1073213e-05
  4.3771738e-06
 -4.7029278e-07
  1.9561924e-07
 -5.2645212e-01
  6.2387380e-07
  3.0334425e-07
 -5.6746248e-05
  2.0711771e-06
  5.7139237e-06
  7.6302547e-07
  6.4502877e-01
 -6.4929617e-07
 -1.9002717e-06
 -7.5165008e-05
  3.2653461e-06
  6.8675436e-06
 -2.6024170e-06
 -2.0294602e+00
 -1.2438608e-06
 -1.8700910e-06
 -5.9584832e-05
 -7.7718585e-07
 -7.3992339e-07
 -2.3598780e-06
 -5.9593946e-01
 -3.9175070e-06
 -3.2207748e-07
  7.8764124e-06
  1.7156800e-06
 -1.0343749e-06
  6.6654179e-06
 -2.2780017e-05
 -4.5952202e-06
 -9.5302732e-07
 -2.2263259e-06
 -3.3093858e-07
  2.6257624e-06
  4.6405667e-06
 -1.8187669e-05
  3.4609386e-08
  3.0691760e-07
 -3.3655840e-06
 -1.7367505e-06
  8.8871138e-06
 -2.7622630e-06
  5.0399731e-06
 -2.6826353e-06
 -3.5806634e-06
 -1.8051593e-06
  5.2189225e-06
 -3.8551839e-06
  1.0061967e-06
  2.9411437e-06
  1.8367221e-07
  1.2771984e-06
  4.5261211e-07
 -9.1764718e-07
 -2.8930929e-06
 -2.4912292e-06
  1.5537045e-06
 -1.9162203e-06
 -2.7660263e-07
 -5.8145333e-06
 -2.2741872e-06
  1.6373724e-06
  1.4271717e-06
 -1.0989061e-06
 -1.2989656e-06
  5.8341703e-07
 -1.3160492e-07
  2.2309860e-06
 -1.3117755e-06
  3.0423123e-06
 -5.5630662e-06
  1.3881562e-06
  4.4649619e-07
 -5.5100429e-07
 -9.4295950e-07
  2.9993480e-06
  1.6526705e-07
 -8.9817490e-07
 -5.1917181e-07
  6.1002802e-06
 -2.6914120e-06
  1.0827533e-06
 -2.1862995e-07
 -1.5842187e-06
 -1.3339848e-06
 -1.2075132e-07
  4.6495845e-07
  6.8602073e-01
 -5.0001144e-01
 -3.6979534e-05
  1.3325718e-01
  7.4038190e-01
  3.4661193e-06
  1.0765322e-06
 -3.6202450e-06
 -2.7475573e-07
  3.7952657e-06
 -5.9288964e-06
  1.8065934e-05
  1.8872578e-06
  3.5639763e-07
 -1.7144889e-06
 -8.7157474e-08
 -5.2698717e-09
  3.9741781e-06
 -1.1938357e-05
  5.4869211e-06
  1.0107474e-06
  2.4342537e-06
  1.5983685e-06
  3.3862282e-06
  4.0819591e-06
  1.3940775e-05
 -3.0648803e-06
  3.8884959e-06
  3.3991135e-08
  3.2006628e-06
 -5.2538741e-07
  7.1990298e-06
 -3.5877081e-05
 -3.3359140e-06
  3.2837954e-06
 -1.0485327e-06
  1.8465973e-05
 -1.3178842e-06
 -3.0533777e-06
 -2.8648412e-06
  6.1843120e-06
 -6.6162431e-07
 -1.3707427e-06
  7.2829198e-06
  2.9719890e-06
 -1.8657008e-06
 -7.2559800e-07
 -4.0613381e-06
  8.6508868e-07
  1.6386961e-06
 -5.5481300e-06
 -4.6649329e-02
  5.3414196e-01
 -4.0910521e-07
  4.0241334e-01
 -2.4050120e-02
  1.1233985e-06
 -4.3111336e-01
 -4.4240886e-03
 -4.1131163e-03
 -4.7609782e-07
 -9.9402469e-01
  6.5879279e-01
  8.6000102e-07
 -1.5825477e-01
  7.6856929e-01
  3.9378642e-07
  6.5904778e-01
  3.5452988e-05
 -5.2590090e-01
  1.0850278e-01
  2.4636890e-01
  6.5666984e-07
  2.8006119e-05
  5.1057214e-07
  3.1417511e-07
 -1.1599343e-07
 -3.5108749e-07
 -6.1059336e-07
 -1.2846175e-07
 -1.7035019e-07
  9.7311488e-07
 -6.6587040e-07
  5.7724492e-07
 -1.0899883e-08
 -1.1647719e-08
  5.9140137e-07
  9.6021188e-07
 -1.7002546e-07
 -1.1398515e-07
 -8.0328255e-07
 -8.4674532e-08
  3.5778194e-07
  4.0418971e-08
  7.6263080e-07
 -3.9514450e-07
  1.1165254e-06
  3.3183608e-06
 -9.7929706e-07
 -2.7216201e-08
 -6.5706608e-08
  5.3578555e-07
 -1.5210635e-08
 -2.5393227e-08
 -1.1553716e-07
 -3.1621614e-08
  5.3391277e-06
  1.5234737e-06
 -4.8496184e-07
  2.5221490e-07
  9.0096808e-07
 -8.2623973e-07
 -1.8439940e-06
  7.1592541e-07
  9.2813643e-08
 -3.1958518e-07
 -7.4310697e-07
 -5.4334574e-08
  3.3531271e-02
 -1.2719078e-02
 -4.9220333e-01
 -1.3096576e-06
 -1.8460400e-06
  3.9357275e-07
  3.7132878e-07
 -3.3817255e-07
 -2.3277215e-07
  4.5668315e-07
 -7.8241538e-07
  3.1770543e-07
 -1.1418387e-06
 -1.5608808e-06
 -6.8849988e-07
  7.0886863e-08
 -2.3900000e-07
 -4.0481254e-07
 -8.4499936e-07
 -1.4001620e-07
 -2.5536818e-07
 -7.5727559e-07
 -8.4193118e-08
  7.5370814e-08
  1.5140447e-06
 -2.4935443e-07
 -3.8380358e-07
  8.9433945e-07
 -1.6514036e-07
  2.8538665e-07
 -7.2043213e-07
  1.3983262e-07
 -1.8838180e-07
 -7.2034055e-08
  1.1175468e-06
 -4.1750951e-08
 -8.0030719e-07
 -2.3043425e-07
  2.3002366e-07
  3.7562410e-07
  3.1572372e-07
 -1.1145249e-06
  1.9994560e-07
  7.1509800e-07
 -9.9020167e-07
  9.8664441e-07
 -2.0019854e-08
  5.9367977e-07
 -6.8119974e-08
  2.8301993e-01
 -8.5541688e-02
 -4.4107541e-01
 -1.3622980e-06
 -1.2126593e-06
 -1.4110094e-08
  9.1517911e-08
  6.3861404e-07
 -4.5115704e-07
 -2.8272424e-07
 -1.9448404e-07
  4.7593801e-08
 -2.9220678e-07
  6.8551736e-07
  3.9958982e-07
 -2.5061780e-07
  1.8817533e-06
 -1.5645625e-07
  2.2573586e-06
  2.3935274e-07
  2.6497762e-06
  4.1869419e-07
  4.8856356e-07
 -8.4709643e-07
  8.9534630e-08
  1.1021093e-07
  7.0455536e-07
  3.6896242e-07
  6.1105617e-08
  1.8901706e-07
 -3.0871334e-07
  1.6935854e-08
 -9.0094358e-07
  4.8305554e-07
 -1.9037128e-07
 -1.9844274e-06
  7.3439878e-07
  4.7555346e-07
 -8.3762552e-07
  1.0228286e-07
  1.2499453e-06
 -1.3821607e-09
  6.7766575e-07
  3.3291366e-07
  6.4900945e-07
  5.4696727e-07
 -1.2876557e-06
 -1.3056521e-06
  2.0956917e-07
 -7.0449546e-02
  8.3675340e-02
 -2.6543442e-02
 -1.5820206e-07
  1.4822005e-07
 -1.6414486e-07
 -1.1749956e-06
 -6.0075593e-07
  7.3375463e-07
 -2.2604172e-07
  5.8923979e-07
  3.7745804e-07
  4.1230075e-07
 -1.4208704e-06
 -7.2871948e-08
 -1.3380447e-06
  1.5080427e-06
 -2.8658460e-08
  6.7728740e-07
 -9.6811357e-07
  2.4580888e-06
 -2.7574461e-07
 -5.5345765e-07
 -1.7976940e-06
  6.5608612e-07
 -6.5680695e-07
 -2.9208206e-07
  2.3734462e-07
  4.8077021e-07
 -3.0221753e-07
 -4.3426231e-09
  2.8681600e-07
 -1.5238214e-07
  1.0989275e-08
 -1.4522450e-07
  7.0543635e-08
  8.4216524e-08
 -8.9489055e-07
  6.7770884e-07
 -1.6078687e-07
  1.0360343e-08
  5.9232968e-07
  2.5798042e-06
 -5.9595269e-08
  8.1310141e-08
  8.5520821e-07
  4.7748409e-07
  8.1453550e-08
 -1.1190336e-07
  7.5553074e-02
 -2.9767750e-02
 -2.6433104e-01
  7.5740623e-09
 -5.9466169e-07
  8.6141182e-07
  7.2677983e-07
  2.2527442e-07
  4.2828796e-07
  7.3430819e-08
 -6.8407599e-07
  1.7016144e-07
 -2.1168607e-09
 -1.8895273e-07
 -1.5081749e-06
 -4.0307671e-07
 -3.0032700e-07
  4.2568468e-07
  4.6312039e-07
  6.8512287e-07
  7.7980491e-07
 -3.7787014e-08
 -1.0046400e-06
 -7.7617977e-07
 -5.5168272e-07
  6.7405182e-07
  3.1766237e-07
  1.4173401e-08
  9.9385170e-07
  3.7053070e-07
  9.4522690e-08
  1.0578703e-08
  3.2300647e-07
 -1.4700396e-07
 -3.0724881e-10
  1.0685411e-06
  3.5445926e-06
 -4.6142159e-07
  1.2079913e-06
 -5.2857303e-07
  2.2739768e-07
 -4.5905472e-07
 -3.2808700e-07
 -1.0653697e-07
  1.1921792e-06
  2.5524230e-07
 -3.8850982e-07
  3.2200538e-07
 -2.4726242e-07
  1.1717165e-02
 -5.6732170e-02
 -4.5270601e-01
 -3.7583004e-07
  4.4951847e-01
  4.1877541e-07
 -1.7790406e-08
 -3.3868332e-07
 -4.6406728e-07
 -5.7657354e-07
  1.7849435e-06
 -1.7676757e-07
  1.5383596e-06
 -3.0582930e-07
  3.8647397e-07
 -5.0165687e-07
  2.0442552e-07
  1.6356848e-06
 -5.4700166e-07
  6.8122205e-07
  4.8964932e-07
 -1.4357179e-06
 -8.4179118e-07
  5.6470792e-08
 -1.0380817e-06
 -1.1968916e-06
 -1.2031745e-07
 -3.3416561e-07
 -4.2502373e-07
 -5.5621189e-07
  2.0334835e-07
 -1.3702804e-06
 -2.1490288e-07
 -2.4700091e-06
 -8.9210874e-07
 -1.3426275e-07
 -3.7208048e-07
  1.2242461e-07
 -8.7721259e-07
  5.0747434e-07
 -1.2179381e-06
  7.6460029e-09
  1.2167818e-07
  8.6901709e-06
 -3.7117272e-07
 -7.4251972e-07
 -4.0280351e-08
  2.0891773e-07
 -2.8327949e-07
 -4.6230686e-01
  1.1411867e-01
  2.4837703e-01
  1.1103517e-07
  3.6910710e-06
  6.8401283e-07
 -7.2253164e-07
  6.9085741e-07
 -2.6024014e-07
  4.0331491e-07
  3.6330508e-07
  1.9198235e-07
  4.1061054e-07
 -9.4021703e-07
 -7.8377002e-07
  3.4517456e-07
  1.2946394e-06
  4.9191794e-08
 -3.7261247e-09
 -6.5777147e-07
 -6.8058381e-07
  8.4313211e-07
  2.1530564e-06
  6.4422444e-08
  7.3222594e-07
  4.2424665e-07
  9.7024429e-07
 -6.5820899e-07
 -1.1963249e-07
  8.6187970e-07
  1.4764536e-06
 -1.0233808e-07
 -3.1683632e-07
 -2.1239071e-06
  6.8357429e-07
 -4.8134080e-08
  2.3814385e-07
 -3.5393995e-07
 -6.8814558e-07
  1.3004694e-06
 -2.2319435e-08
 -2.1687403e-07
 -4.3846025e-09
  2.5018755e-07
  9.7599514e-07
 -1.7337403e-06
  7.1750759e-07
  2.4559067e-06
 -4.5927769e-07
 -7.2812319e-02
 -6.4165479e-01
  5.1862103e-01
 -6.6522841e-07
  4.0000873e-06
  9.2358124e-07
  1.2300703e-06
  3.0705510e-07
 -3.8463003e-07
 -3.7466555e-07
  2.9578268e-07
 -2.2140611e-07
  7.3982301e-07
 -6.7453634e-08
  5.8889583e-07
  2.1658587e-07
 -8.5982407e-07
  6.1848385e-07
 -4.6956052e-07
 -1.4045853e-06
 -5.7919311e-07
 -2.4800988e-07
 -5.5229787e-08
  4.0960495e-07
 -1.9810606e-07
 -2.9670349e-07
  6.8382587e-07
  2.9977187e-07
 -4.2739063e-07
 -1.2117914e-06
 -3.4573290e-07
 -8.4928990e-07
  6.3321477e-07
  4.2239542e-08
 -3.7766736e-07
  1.8590081e-06
  7.8282409e-07
 -4.7564342e-07
  2.5421755e-07
 -4.7870309e-08
  7.2601239e-07
  5.2875401e-07
  4.8507917e-07
  1.1188818e-07
  5.9751322e-08
  6.5602558e-07
 -7.8042405e-07
  5.1388184e-07
  2.1608471e-07
  4.5564181e-01
  2.9623094e-03
 -1.6383253e-01
 -2.4624384e-07
 -8.6510490e-06
 -1.8381098e-07
  1.8365867e-07
 -2.6572102e-06
 -4.6927462e-07
 -3.9493938e-07
 -2.0817846e-07
  6.4345255e-07
  1.5835639e-06
 -3.8749226e-07
  1.5180353e-06
 -3.5010996e-07
 -1.0422787e-07
  2.5880107e-07
 -1.2232126e-06
 -8.2825119e-07
  6.1105447e-07
 -3.9939032e-08
 -2.2742564e-07
 -3.7123556e-07
 -5.7608298e-07
  7.2226834e-07
 -1.0257851e-07
 -3.3581358e-07
 -4.8804890e-07
 -1.9722154e-07
 -5.5219442e-09
  8.0167268e-07
 -7.9941913e-07
 -2.0761613e-07
 -1.6337560e-07
  2.8171012e-06
  9.4347752e-06
 -1.4843086e-07
 -2.6300884e-07
 -1.6015691e-06
  5.0237122e-07
  7.1399961e-07
  1.0296193e-07
  1.7193939e-07
  6.5461728e-07
  8.5449847e-07
  9.8145188e-07
  2.6083260e-06
 -1.0259746e-06
  7.2435594e-01
  1.3598520e-02
 -1.2229519e-01
 -3.3788427e-07
  7.3124932e-07
 -3.3531239e-07
  5.9147328e-07
  3.0702273e-07
  6.4783455e-07
  7.5420320e-07
 -8.6897224e-08
  5.2107424e-07
  5.2317813e-07
  1.1713441e-08
  7.5834322e-08
 -2.0170224e-07
 -5.2403323e-07
 -5.3466113e-07
  4.9620854e-07
  5.5708870e-07
 -2.2082170e-06
 -2.3363095e-06
  2.7288229e-07
  1.0087426e-06
 -3.3025574e-07
  1.3172087e-07
  6.6337819e-08
  6.5620941e-07
 -2.9851717e-06
 -1.0017609e-07
 -3.4845257e-07
  5.6691914e-07
  3.0195602e-07
 -3.9833418e-07
  2.3774635e-07
 -3.0212001e-07
  1.3967511e-07
 -1.3643711e-06
 -8.8784986e-08
  1.5388373e-07
  4.4874105e-07
 -7.7532798e-07
  3.0588038e-07
 -3.0576362e-07
  4.9326059e-07
 -4.1275460e-05
  5.2017725e-08
 -2.9137340e-08
 -9.3624175e-07
 -6.1702142e-03
 -1.6462590e-01
 -5.6082685e-02
 -1.9140828e-02
 -9.3600914e-02
 -5.0500549e-02
  1.4964965e-01
  2.0301595e-01
 -1.6624179e-01
 -7.3858708e-02
  9.6364123e-01
  4.8644328e-01
  8.0037111e-01
  3.3388713e-01
  1.1207098e-01
  1.2662541e+00
 -5.4670101e-01
  5.3432852e-01
 -5.9590524e-01
 -8.0834508e-01
  5.0066365e-06
  2.2570693e-01
 -7.9878551e-01
  3.8331960e-05
  7.4537203e-02
 -1.6392878e-06
 -6.3357420e-06
  1.1421646e-06
 -2.1348175e-07
 -4.9513683e-06
  3.3001286e-06
 -3.1615730e-06
 -3.4055691e-07
  5.9288882e-06
  2.5360162e-06
 -4.8717317e-07
 -3.5752398e-06
  1.1387548e-06
  6.8864773e-07
  1.1626120e-06
  1.9114354e-06
 -6.4212378e-07
  1.4897462e-06
  8.8770724e-07
  4.2519991e-07
 -6.2920276e-06
  5.3848662e-06
  4.1788016e-06
 -2.8680290e-06
  3.9733522e-06
  3.2586499e-06
  1.1595399e-06
  4.0064504e-07
 -1.8560872e-06
 -2.9736211e-06
  1.4760174e-06
 -6.9165299e-07
  7.9651409e-07
  9.4593844e-07
 -1.2174753e-07
 -1.9312395e-06
  2.0987727e-06
  1.3248318e-05
 -7.7387392e-07
  5.2912542e-06
  7.2930579e-06
  1.8670959e-06
 -2.0119896e-06
  1.5032487e-06
  5.1072044e-07
 -2.1009320e-02
  7.0847368e-01
 -1.2591621e-05
 -2.4750869e-01
  2.9515035e-05
  1.1893471e-07
  4.0494474e-06
  2.5899419e-06
  1.7370652e-06
  1.9059138e-06
  2.6440600e-06
  8.1872379e-08
 -5.3304234e-06
 -4.4738581e-06
 -1.1870001e-07
 -1.4843249e-06
 -2.1840172e-07
  1.7450506e-05
 -9.3929402e-06
 -1.1416407e-06
 -3.8574021e-06
  7.7628147e-06
  2.6463463e-06
  4.9226860e-06
  1.1441223e-06
 -1.5927226e-05
 -3.7748890e-07
 -4.1637665e-07
 -8.2080857e-07
 -6.5065694e-07
  2.3316043e-06
  2.1548883e-06
 -6.2707900e-06
 -4.7121562e-06
  1.7972171e-06
  1.1114188e-06
  3.0226195e-07
  9.2470387e-08
 -6.1053242e-08
 -4.8318736e-07
  1.3770526e-06
 -1.4116993e-05
 -2.4864555e-06
 -9.2541501e-07
 -5.3836374e-07
 -1.2384498e-06
 -7.4360059e-07
  4.8232152e-07
  9.1179436e-06
  1.1632207e-01
 -1.5743133e-02
  1.3790404e-05
  1.0556293e+00
 -3.0568515e-06
  1.3972582e-06
 -2.7163169e-06
  1.9399154e-06
  8.5433976e-07
 -1.0668666e-06
  1.1034938e-06
 -8.0057962e-06
 -1.7001169e-07
 -8.9281860e-07
 -2.8079421e-06
  9.6259237e-07
 -4.7706735e-06
  1.6686578e-06
 -2.0077012e-05
 -2.8356571e-06
 -4.5796137e-06
 -2.7179672e-07
 -3.7211469e-06
  4.3477471e-06
 -4.4136746e-06
 -1.3889185e-06
  5.9598115e-08
  2.2522038e-07
 -5.8849059e-06
  6.9769703e-07
  1.8535072e-06
  1.0034186e-06
 -4.3103719e-06
  5.7221064e-07
  1.5004683e-06
 -3.4129748e-06
 -1.5307778e-06
 -1.3442100e-06
  1.4196361e-06
  1.2739436e-06
 -1.7496554e-07
 -5.7091347e-06
 -1.9096769e-06
 -3.8413064e-06
 -2.7159865e-07
  3.6689531e-07
 -7.0991377e-06
 -3.3992887e-06
  1.9919526e-02
  4.3514666e-01
  6.7109329e-01
  8.4369749e-02
  1.3694772e+00
  2.8256996e+00
  1.1000198e+00
 -3.6122019e-06
 -6.6943683e-02
  1.6015623e-07
  8.7991174e-07
 -1.8668129e-06
  5.7746727e-02
 -1.4258591e-06
 -2.3263536e-07
 -1.2989375e-01
 -6.7822225e-06
 -6.5250020e-07
  7.3286283e-05
  3.8311896e-01
 -1.9928998e-06
 -3.5834785e-06
 -6.7460097e-02
 -3.7761813e-06
 -1.1069141e-06
 -3.4915848e-07
  2.7282046e-02
  9.1027445e-08
  3.4818045e-06
 -1.3512753e-01
 -1.3144501e-06
  8.7036574e-07
  2.1525709e-06
  2.4512672e-01
 -7.7437990e-06
 -5.8616261e-06
  4.5013036e-07
 -1.1446916e-06
  2.0504833e-06
  1.4990237e-06
 -1.5741697e-06
  6.9934645e-06
 -2.1459230e-06
 -6.2585207e-07
  1.9003114e-06
 -3.9663167e-08
 -4.3549389e-06
  2.7477445e-05
  1.5677801e-06
 -1.8225059e-05
 -2.2026403e-02
  7.2385728e-01
 -2.0092462e-05
 -1.0616943e-01
  8.8369256e-05
 -1.0292296e-06
 -2.1835783e-06
 -4.1813928e-06
  7.3610516e-07
  4.7631289e-07
 -1.7732331e-06
  1.2393951e-06
  2.7027352e-06
 -5.6772853e-07
  2.9823047e-07
  7.7825334e-06
 -6.3234410e-08
  1.7469662e-06
  1.6841736e-06
 -2.9248577e-06
 -1.1171232e-05
  1.6842515e-06
 -1.7192400e-06
  1.4039673e-06
  4.6816777e-07
  2.3723342e-06
 -3.2965414e-07
  6.1557807e-07
  2.9331188e-06
  6.8082443e-07
  8.2894559e-07
  3.1833729e-06
  4.1189842e-06
  2.7826647e-07
  4.1684725e-06
  2.4193232e-06
 -6.3517859e-08
  3.6911777e-06
  4.8383718e-06
  4.7862454e-06
  4.7553176e-08
  7.0486885e-06
  2.7647889e-07
  5.1300202e-07
 -1.5416185e-06
  1.3959294e-07
  1.4765573e-06
 -2.9836638e-06
 -6.9121579e-06
  4.0378659e-03
  4.2490628e-01
 -7.3253095e-06
  8.7485947e-02
  4.4869421e-06
  6.7365647e-07
 -1.4133074e-06
  1.2358263e-05
  1.6117410e-06
 -1.2567839e-06
 -1.0126251e-06
 -2.1824806e-06
  2.8051072e-06
  9.2522276e-07
 -2.5980751e-06
 -7.8521737e-07
  2.4169753e-06
 -2.7239957e-06
  4.8699467e-06
 -3.4272550e-06
 -3.3296780e-07
 -2.5747470e-06
  3.7219693e-06
 -8.1886055e-06
  5.4416500e-07
 -2.3380931e-06
 -2.2964232e-06
  4.1090966e-06
  1.0756476e-06
 -1.7318808e-06
 -1.4508910e-06
  4.3344680e-06
  1.7164152e-06
 -3.1427985e-06
  3.2967366e-06
 -9.9766351e-07
  2.7851765e-06
  2.5361505e-06
  2.8512802e-06
 -4.5216202e-06
 -2.1291128e-06
  1.7563384e-06
 -1.7565727e-06
  4.7140344e-07
 -4.1610720e-06
 -1.1377160e-05
 -9.5957039e-06
 -2.8572249e-06
  3.8211780e-05
  8.7673977e-02
 -2.1565939e-01
  4.2149448e-05
  6.3042206e-01
 -1.3399635e-01
 -9.2739865e-06
  2.3465388e-06
 -2.2205936e-06
  5.7337495e-08
  1.6727826e-06
  6.1251865e-07
  8.7510546e-07
 -4.3808765e-07
 -4.5945799e-06
 -9.1191330e-09
 -2.7399353e-06
  2.1224935e-06
  2.8584511e-06
 -6.8352606e-06
 -4.0115881e-07
 -8.6414826e-07
 -2.2629330e-07
  1.8449159e-06
 -8.9917643e-07
  1.6086290e-06
  1.5780732e-06
  1.3575152e-06
  6.1355456e-07
 -8.8232213e-07
  4.4803251e-06
  6.5277814e-06
  6.8775660e-07
 -2.2789045e-06
  3.5715183e-07
 -5.7463581e-08
  1.6760039e-06
  1.1326809e-06
 -6.6682469e-07
 -8.3309436e-07
  8.4333633e-06
  1.8622384e-06
  1.4629909e-06
  4.3210727e-07
 -2.1619787e-06
  1.0078636e-05
 -3.1989316e-06
  1.9063220e-05
 -3.1773379e-06
  6.1790106e-06
  2.4257910e-01
 -3.3320388e-01
  1.9751587e-05
  3.9489514e-01
 -9.1904616e-03
  9.0533222e-06
  2.4859428e-06
  1.1700994e-06
  1.0733825e-06
 -4.1544336e-06
 -2.9234816e-06
 -1.6387725e-06
 -4.9063024e-06
 -7.3463775e-07
  1.4708868e-06
 -1.9145727e-06
  1.7760665e-06
 -8.4663243e-06
  6.0661914e-06
 -3.3781030e-06
  7.8202484e-06
  8.0783190e-07
 -1.2787838e-07
  4.2703689e-07
  1.2630396e-06
  7.5896664e-06
 -3.5615425e-08
  5.5469707e-07
  7.3096083e-07
 -1.1479547e-06
  2.0039540e-06
  3.1935654e-06
  1.1313717e-05
 -3.3023884e-06
 -1.1487660e-06
  3.7160876e-07
 -7.0934398e-08
 -6.4895289e-07
  2.0556511e-06
  3.8349708e-06
 -3.6795020e-06
  4.5778506e-06
  6.2425903e-07
  6.6151351e-06
  3.4915811e-06
 -1.8805849e-06
  8.3253860e-07
  2.2861689e-06
 -9.4616132e-07
  4.4740569e-02
 -4.8268256e-01
 -5.8196770e-06
  5.6552481e-02
  8.5193794e-03
 -1.5782420e-05
 -2.1457133e-06
 -1.2634400e-06
  9.0393050e-06
  2.2525681e-08
  7.5440403e-06
 -4.3726313e-06
 -1.1464145e-06
 -2.4667113e-06
 -8.2048273e-06
  6.0068610e-06
 -4.4644794e-06
 -8.9043198e-07
  1.2505985e-05
  3.0009660e-06
 -3.4683931e-06
  4.7569262e-07
  7.5806124e-06
  3.2076466e-07
  2.0731554e-06
  5.0635737e-07
 -7.4273858e-06
 -6.9419343e-07
 -1.6197857e-06
  1.6289644e-06
  6.0016509e-06
  7.6918184e-08
 -2.7638689e-05
  2.3174562e-07
  1.0126315e-06
  3.7654090e-06
  9.3947401e-06
 -3.0348092e-06
 -2.8523689e-06
 -8.6803793e-06
 -3.8483427e-07
 -3.5409818e-07
  1.4197152e-06
  5.0175015e-07
 -1.3636171e-06
  9.9899771e-06
 -1.6591434e-06
  9.0445934e-07
 -1.1898522e-04
 -4.0610712e-02
 -6.7663163e-01
  2.2243868e-05
 -1.2148949e-02
  8.7028118e-03
  4.7327740e-07
  1.0047992e-06
  2.3396456e-06
  5.0944350e-06
  7.1662021e-07
 -2.3657021e-06
  1.6902572e-05
  5.9397928e-07
 -1.9466147e-06
  5.2183759e-06
  5.2890380e-07
  2.1528858e-06
  1.9928304e-06
  1.7500801e-05
 -2.6753162e-06
 -1.9030194e-06
  2.2323762e-07
  1.1522101e-07
 -1.0779484e-07
 -3.2462121e-06
  1.6799269e-05
 -1.9493098e-06
  1.7533816e-06
  1.6402391e-06
 -5.1524233e-07
  8.0156957e-07
 -2.1866592e-06
 -4.3348082e-06
  1.7572703e-06
  4.9931891e-06
  3.8750868e-06
  1.4556740e-06
 -4.1561029e-06
 -2.6760335e-06
 -8.0129248e-06
  8.1296484e-06
  2.5029135e-06
 -2.0731100e-06
 -7.1538909e-07
  1.7610882e-06
  6.8409690e-07
  2.2905700e-08
 -1.4471107e-06
  8.3452642e-07
  2.0142448e-05
 -7.6652839e-05
 -6.2642358e-02
  4.9925606e-05
 -5.9428974e-05
 -2.0579179e-03
 -2.3828605e-03
  9.5585566e-03
  1.9482333e-02
  1.6733372e+00
 -1.3150538e+00
  1.2846925e+00
 -3.3763483e-01
 -6.3432556e-01
  3.1243045e-02
  8.9543152e-01
  8.4706795e-01
 -3.6250401e-01
 -4.6044922e-01
 -4.1755859e-02
  4.9862763e-09
  4.4399345e-01
 -8.7718982e-01
  2.5029407e+00
  9.8590886e-07
  7.8291215e-02
  2.0456376e+00
  1.0381132e+00
 -6.8373720e-07
 -3.5257547e-06
  3.6779363e-02
  2.2511263e-01
 -1.0270454e-07
 -4.2815169e-04
 -1.1118946e+00
  3.9023557e-01
  9.3246746e-07
 -2.8257038e-02
 -2.1004639e+00
 -3.8909698e-01
  2.5045097e-07
  6.5433568e-01
 -6.8488735e-01
 -2.3049870e-05
 -1.0545078e-07
 -2.7606860e-02
  1.8385465e-01
 -8.4614074e-01
  2.2437384e-07
 -3.3837976e-03
 -1.0053543e+00
  8.6239380e-01
 -4.4291986e-07
 -3.0622514e-02
 -1.5104769e+00
  5.1551592e-01
 -1.0604174e-07
  1.3129768e-01
  6.0943043e-01
  6.5517646e-01
  1.5274095e-07
  4.9828809e-01
 -8.0487520e-01
  3.0336043e-01
 -4.7500205e-07
  7.8258491e-01
  5.2936476e-01
  8.0628484e-01
 -1.3383660e-06
 -1.1798160e-01
  6.7058432e-01
 -9.6735865e-01
  1.6593194e-07
 -3.2294104e-03
 -2.4946743e-01
  1.2091252e+00
  8.1551519e-07
 -6.6431435e-03
 -1.5428557e+00
  1.3859477e+00
 -8.2541106e-07
 -1.8124763e-02
  7.0438266e-01
  1.4250374e+00
 -1.0341000e-06
 -1.7093887e+00
 -8.4439367e-01
  1.3917465e+00
 -4.1723260e-07
  7.1890078e-02
  3.1208951e+00
 -5.3697050e-02
  2.1204192e-09
 -3.0751018e-02
 -1.2207898e+00
 -7.3839313e-01
 -1.0048006e-07
 -7.9110406e-02
 -3.4684545e-01
  9.1549444e-01
  1.4478509e-07
 -3.9918525e-03
 -1.7551746e+00
  1.1644613e+00
 -9.6066287e-07
  1.1957008e-01
  1.7818029e+00
 -5.5708104e-01
 -1.4213607e-07
 -7.5837666e-01
 -8.9316064e-01
 -3.5516086e+00
  1.7520395e-07
 -1.6317205e-01
 -1.0853652e+00
 -4.9143621e-01
  5.4826739e-08
 -1.0815795e-03
 -7.2519422e-02
  8.4268920e-02
  6.6027837e-08
 -1.0530946e-02
  6.9619650e-01
 -1.2443944e-01
  1.3390277e-07
 -3.5002898e-02
 -1.6224501e-01
  1.2295874e+00
  1.7499632e-06
 -1.5781458e-01
 -1.2391329e-01
  4.5974106e-02
 -6.4703113e-07
 -5.7915431e-02
 -8.1954759e-01
 -2.4616048e+00
 -4.7945781e-07
 -3.0404916e-02
 -3.4571543e-01
  1.5372442e+00
  5.7061771e-07
 -4.2973727e-02
  5.6169963e-01
  9.0309665e-02
  5.2370342e-07
 -1.5763554e-01
 -1.6242934e+00
 -8.1798929e-01
  5.0885870e-07
 -2.7781278e-01
 -3.3156362e-01
 -1.0026538e+00
 -1.0811062e-08
 -3.3411445e-07
  1.0759439e+00
  1.8612934e-02
 -3.8132680e-07
 -1.1017406e-06
 -2.8360203e-01
  1.2232646e-01
 -5.5324716e-07
 -3.9668216e-06
  1.2869756e+00
 -1.8120508e-01
 -2.6000166e-07
  1.4526091e-07
  7.6402813e-01
  1.0396192e+00
 -3.0781635e-08
  4.3133136e-07
  3.1949034e-01
  7.3665656e-02
 -1.9550352e-07
 -1.0180864e-05
  4.7601458e-01
  1.6160910e+00
 -1.0391768e-07
  1.0729134e-06
 -3.2763380e-01
  3.8343373e-01
 -1.0919405e-06
 -3.4162986e-07
 -1.7759234e+00
  3.2270834e-02
  1.4456501e-06
 -4.1865995e-08
  7.2740102e-01
 -8.2980895e-01
 -1.9383916e-07
 -7.8023220e-07
 -1.7558996e-01
  9.3187875e-01
  1.2597251e-06
 -1.0236154e-06
 -1.0424752e+00
 -1.1667699e+00
 -2.4745492e-07
  5.0377748e-03
 -7.5540036e-01
  1.9761074e+00
  4.0242205e-07
  1.0080013e-02
  1.5526675e+00
 -3.9960849e-01
 -6.0917375e-07
  5.7171151e-04
 -5.6823993e-01
 -1.0736778e-01
  1.2979595e-07
  7.6911198e-03
  9.6837789e-01
 -2.0173202e-01
  2.9763989e-08
  3.2836429e-03
 -7.9053730e-02
  1.8659974e+00
 -1.1182385e-07
  1.8492697e-03
  1.0377582e+00
  7.3357689e-01
  8.8888692e-07
  3.2623045e-03
 -1.4980383e+00
 -4.2713204e-01
  1.5223767e-07
  1.7271679e-02
 -5.2918923e-01
  2.5345867e+00
 -2.8244419e-06
  3.5724767e-02
  2.4614639e+00
  1.1876788e+00
 -5.2345405e-07
  8.9268666e-03
  3.7838903e-01
 -1.6389779e+00
 -9.1023260e-08
  1.1945880e-02
 -2.2674973e-01
  4.3907255e-01
  9.4106156e-07
  3.3289450e-07
  1.8237972e+00
  7.9395568e-01
  1.3338507e-06
  5.4109148e-07
  2.1659091e+00
 -2.1889281e-01
 -6.5359274e-07
 -1.3083023e-07
 -6.6823101e-01
  1.9173294e+00
 -2.0003266e-07
 -6.6898184e-07
  2.7761453e-01
 -7.7511132e-01
  6.4614090e-07
  1.0902426e-07
 -1.4334105e+00
 -9.3582386e-01
 -1.8931247e-07
 -8.6354191e-08
 -1.2972478e+00
  2.1735361e+00
  3.7602422e-07
 -2.6087982e-06
  5.3051847e-01
  9.4362664e-01
  1.3910291e-07
 -2.4378210e-06
 -7.9583186e-01
 -5.6823868e-01
 -3.0563803e-07
 -3.3475476e-07
 -1.2306898e+00
 -7.3340762e-01
  1.3329247e-07
 -9.7619619e-08
 -2.3753479e+00
 -1.3722961e+00
  9.1681875e-07
 -6.4678727e-07
 -9.1775872e-02
 -7.2353119e-01
 -1.3791177e-07
  9.7936542e-08
 -4.9787292e-01
  1.4856313e+00
  4.0035744e-07
 -7.4515941e-07
 -1.2642555e+00
 -7.6828521e-01
  5.6670365e-07
 -9.3719751e-07
  1.6624316e+00
  2.1719731e-01
 -1.3963318e-08
  5.6274087e-07
  8.5663758e-03
 -1.1540214e+00
 -1.4613286e-06
 -2.3417282e-07
 -3.4962270e-02
  2.7194113e-01
  1.0376966e-06
 -4.5406196e-07
 -1.3047068e+00
 -4.8462847e-01
  1.9664141e-07
 -4.9463483e-07
 -4.9497351e-01
  1.8572869e+00
 -2.7070332e-08
  7.9995425e-07
  1.1915563e+00
  8.8560230e-01
  5.3853877e-09
 -1.8708292e-07
  1.1443022e+00
  5.3040999e-01
  6.7150273e-07
 -9.4587034e-07
  3.6179656e-01
 -6.7424905e-01
  3.6863366e-07
 -8.8469812e-07
 -3.1259689e-01
  1.4560996e+00
  4.1410564e-07
 -7.4418489e-07
  2.6178786e-06
  1.0748246e-06
  1.4017252e-07
  2.7841230e-07
 -5.2033242e-06
 -1.0489488e-06
  1.3157072e-06
  4.6811567e-07
  4.3806476e-06
  2.0769460e-06
  2.3971214e-07
 -4.0612835e-07
  6.0366307e-07
  5.3242538e-06
 -2.2109487e-07
  2.5804404e-06
 -3.3993169e-06
 -2.5169654e-06
 -1.6111599e-07
  1.7479448e-06
  1.7361356e-07
 -3.2363298e-06
 -7.9470624e-08
  8.7049119e-07
  1.1127205e-06
  1.1337476e-06
  3.8026880e-07
  2.5954787e-07
  2.4085209e-06
  1.5404942e-06
  6.7139445e-07
 -3.0954737e-07
  3.8475982e-06
  2.0924963e-06
  7.9131235e-07
  2.3129232e-08
 -9.9030308e-07
 -1.3508450e-06
  7.5764581e-07
 -6.0029259e-07
  9.3475692e-06
  3.5476202e-07
  3.6112516e-07
  1.0081290e-07
 -2.5315154e-01
  3.5439947e-01
  2.0398892e-07
  5.5344526e-07
  1.3223286e-01
 -8.0309875e-02
 -1.6709530e-08
  8.2011286e-07
  3.2200256e-07
 -6.7375019e-02
  5.7446181e-07
 -1.5786175e-07
 -1.9161775e+00
  1.5772225e-01
  3.8178786e-08
  2.5918084e-07
 -1.9860902e+00
  9.7946156e-07
 -3.7987235e-08
 -7.4570738e-07
  9.1952819e-01
  1.1405921e-01
 -1.5641726e-06
 -9.3694410e-08
  7.4622134e-05
  3.5644112e+00
 -7.9993987e-07
 -6.6628627e-07
  1.4765981e-01
 -3.7518388e-05
 -5.4412681e-07
 -2.4559844e-07
 -4.6875730e-02
  9.0461135e-01
 -2.1755329e-06
 -6.8661521e-08
  1.9066764e+00
  5.6827516e-06
  9.6640474e-07
  5.1635602e-08
  8.8535424e-04
  7.3139763e-06
 -5.7020802e-08
  7.2539303e-09
 -3.3345525e-06
  1.9330285e-07
 -6.2041289e-07
  1.9964968e-06
  1.3419105e-06
 -1.4251800e-06
  4.3890432e-07
  1.2278967e-06
 -3.0441822e-06
  7.2618686e-06
 -7.5484945e-07
  5.4427107e-07
 -2.7832070e-06
 -1.4559889e-06
 -1.5607936e-06
 -9.3739408e-07
  1.1502194e-06
  5.6918259e-07
 -8.1261015e-07
  3.4011819e-07
 -5.8833316e-06
 -5.7144797e-07
 -1.0369027e-06
  2.8946570e-07
 -9.9198851e-06
  2.0804350e-06
  4.8259056e-07
  7.6904888e-07
  7.7246723e-06
 -2.2024726e-06
 -6.1489180e-07
 -1.9982780e-07
  8.0628844e-08
  1.1698729e-06
  6.7989572e-07
 -5.3128655e-08
  2.0917653e-06
  1.1797623e-06
 -4.7650741e-07
  1.0211088e-06
 -4.7972810e-07
 -5.8252687e-07
  4.3129822e-07
  4.5063149e-07
 -1.9004244e-06
 -3.1716420e-06
 -2.2534532e-07
 -6.6591463e-07
  3.6510262e-06
 -6.1393632e-07
 -8.1134379e-09
 -7.5646128e-08
  3.8217481e-06
  3.2763424e-07
 -7.9200515e-07
 -2.0125906e-07
 -1.2573688e-06
 -2.2283725e-06
  8.1243502e-07
  1.2424685e-07
  2.7255949e-06
 -1.3229533e-06
  7.1996169e-08
 -1.9145449e-07
  1.5254076e-06
 -1.4246373e-07
 -5.6789719e-07
  5.9125962e-09
  8.2175738e-06
 -1.3219924e-06
 -1.4620633e-07
 -1.9342692e-06
 -2.7473384e-06
  4.3623967e-09
  8.1060114e-07
 -8.8717485e-07
 -1.9215397e-06
  4.6634041e-06
 -1.1120394e-07
  2.0901824e-08
 -1.0701749e-06
 -7.7062596e-06
  6.1414903e-07
 -2.0351156e-06
  2.1821968e-06
  6.1953386e-07
 -8.1989675e-08
 -1.3597621e-07
 -4.3070954e-06
  7.7360369e-07
  1.3235514e-07
 -1.2219004e-06
  2.0200271e-06
  1.5040400e-06
  6.9573656e-07
 -5.0103233e-07
 -5.9443727e-07
  1.7577587e-06
 -1.0445129e-08
  1.2610698e-08
 -3.2195342e-07
  6.2718630e-07
 -6.0407707e-08
  1.9549844e-07
 -6.3283010e-06
  4.4961034e-06
 -5.3206537e-07
  3.5623239e-07
  4.4594317e-06
 -1.9956975e-07
  1.1064509e-06
  2.7696888e-06
 -4.5085395e-07
 -2.1644473e-07
  9.7432107e-08
 -5.2495716e-07
 -1.3206893e-06
 -2.7943361e-07
  3.7165381e-07
 -1.0559627e-06
 -6.6628110e-07
  4.2767879e-06
 -2.0591700e-07
 -5.4399175e-07
 -8.5180761e-07
  2.2909356e-07
 -9.0593647e-07
  4.3481992e-07
 -2.6237067e-06
  3.5009759e-07
  8.8503548e-08
 -1.4495235e-07
 -2.7997930e-02
  5.8649683e-01
  2.2942466e-08
  8.9666742e-07
 -9.1282642e-01
  2.2013921e-06
  3.4403052e-07
 -5.3001037e-07
 -2.7622796e-06
  4.6058148e-02
 -2.4611975e-07
  6.2015567e-07
  6.6268355e-01
  1.2400317e+00
  1.5470272e-07
 -9.0607742e-08
  3.9423808e-02
  2.0351456e-05
 -6.7530704e-07
 -1.4397406e-06
 -9.3428439e-01
  1.0398046e+00
 -1.4101194e-06
  1.0497430e-07
  1.9507830e-05
 -6.8301011e-07
 -1.0343502e-07
  6.3731864e-07
 -1.3641387e-01
 -9.7429417e-02
 -6.6082015e-07
  1.9713729e-08
  1.2509809e+00
  1.2694973e+00
  2.1385208e-06
  3.4844874e-07
 -7.9208203e-03
 -8.4626031e-01
 -1.5539440e-07
  5.6048270e-07
  3.1810112e-05
  3.3744099e+00
  5.3058756e-07
 -3.7246843e-07
  2.4385022e-06
  3.9430483e-07
 -1.3616504e-06
  5.4731021e-08
  1.1016803e-06
 -1.2448172e-06
  3.8831139e-08
  7.7299084e-08
 -5.7637203e-06
  5.6030999e-06
 -1.7299731e-06
 -2.9177320e-07
  8.9872731e-07
 -1.5748716e-06
  8.3699820e-07
  2.0732753e-07
  8.5817311e-07
 -5.6322633e-06
 -8.2564981e-07
  1.4373023e-07
 -7.5511698e-06
 -2.4051715e-06
 -5.4264095e-08
  7.4097066e-08
  1.9182896e-06
  9.0183136e-08
 -5.7153819e-08
  5.3893859e-07
  8.7914253e-07
 -3.0015913e-06
 -5.1813862e-07
 -4.4115909e-06
 -1.2757873e-06
  3.1495304e-06
  8.5318135e-07
  3.2899496e-07
  5.7273155e-08
 -1.3345272e-07
 -4.9196439e-07
 -1.5765369e-07
  5.0478911e-06
  5.9465276e-07
  6.3344860e-01
  6.3344860e-01
  6.3344860e-01
  6.3344860e-01
  6.3344860e-01
  6.3344860e-01
  6.3344860e-01
  9.7110532e-02
  9.7110532e-02
  9.7110532e-02
  9.7110532e-02
  9.7110532e-02
  9.7110532e-02
  9.7110532e-02
  6.5141134e-02
  6.5141134e-02
  6.5141134e-02
  6.5141134e-02
  6.5141134e-02
  6.5141134e-02
  6.5141134e-02
  4.1618794e-02
  4.1618794e-02
  4.1618794e-02
  4.1618794e-02
  4.1618794e-02
  4.1618794e-02
  4.1618794e-02
  3.6189519e-02
  3.6189519e-02
  3.6189519e-02
  3.6189519e-02
  3.6189519e-02
  3.6189519e-02
  3.6189519e-02
  3.7224475e-02
  3.7224475e-02
  3.7224475e-02
  3.7224475e-02
  3.7224475e-02
  3.7224475e-02
  3.7224475e-02
  2.0208117e-02
  2.0208117e-02
  2.0208117e-02
  2.0208117e-02
  2.0208117e-02
  2.0208117e-02
  2.0208117e-02
